50626
50627
50628
50629
50630
50631
50632
50725
50726
50727
50728
50729
50730
50731
50732
50825
50826
50827
50828
50829
50830
50831
50832
60920
60921
60922
60923
60924
60925
60926
60927
60928
61020
61021
61022
61023
61024
61025
61026
61027
61028
61119
61120
61121
61122
61123
61124
61125
61126
61127
61128
61220
61221
61222
61223
61224
61225
61226
61227
61228
71317
71318
71319
71320
71321
71322
71323
71324
71325
71326
71327
71417
71418
71419
71420
71421
71422
71423
71424
71425
71426
71427
71517
71518
71519
71520
71521
71522
71523
71524
71525
71526
71527
71617
71618
71619
71620
71621
71622
71623
71624
71625
71626
71627
71717
71718
71719
71720
71721
71722
71723
71724
71725
71726
71727
81806
81807
81808
81809
81810
81811
81812
81906
81907
81908
81909
81910
81911
81912
82006
82007
82008
82009
82010
82011
82012
82106
82107
82108
82109
82110
82111
82112
82206
82207
82208
82209
82210
82211
82212
82306
82307
82308
82309
82310
82311
82312
82406
82407
82408
82409
82410
82411
82412
92304
92305
92306
92307
92308
92309
92310
92311
92312
92404
92405
92406
92407
92408
92409
92410
92411
92412
92504
92505
92506
92507
92508
92509
92510
92511
92512
92604
92605
92606
92607
92608
92609
92610
92611
92612
92704
92705
92706
92707
92708
92709
92710
92711
92712
92804
92805
92806
92807
92808
92809
92810
92811
92812
92904
92905
92906
92907
92908
92909
92910
92911
92912
93004
93005
93006
93007
93008
93009
93010
93011
93012
93104
93105
93106
93107
93108
93109
93110
93111
93112
102703
102704
102705
102706
102707
102708
102709
102710
102711
102802
102803
102804
102805
102806
102807
102808
102809
102810
102811
102812
102902
102903
102904
102905
102906
102907
102908
102909
102910
102911
102912
103002
103003
103004
103005
103006
103007
103008
103009
103010
103011
103012
103102
103103
103104
103105
103106
103107
103108
103109
103110
103111
103112
103202
103203
103204
103205
103206
103207
103208
103209
103210
103211
103212
103302
103303
103304
103305
103306
103307
103308
103309
103310
103311
103312
103402
103403
103404
103405
103406
103407
103408
103409
103410
103411
103412
103502
103503
103504
103505
103506
103507
103508
103509
103510
103511
103512
103602
103603
103604
103605
103606
103607
103608
103609
103610
103611
103612
103702
103703
103704
103705
103706
103707
103708
103709
103710
103711
103712
103803
103804
103805
103806
103807
103808
103809
103810
103811
103812
