50434
50435
50436
50437
50438
50439
50440
50441
50442
50443
50535
50536
50537
50538
50539
50540
50541
50542
50543
50544
50634
50635
50636
50637
50638
50639
50640
50641
50642
50643
60633
60634
60635
60636
60637
60638
60639
60640
60641
60642
60643
60644
60733
60734
60735
60736
60737
60738
60739
60740
60741
60742
60743
60744
60745
60833
60834
60835
60836
60837
60838
60839
60840
60841
60842
60843
60844
60933
60934
60935
60936
60937
60938
60939
60940
60941
60942
60943
60944
60945
70836
70837
70838
70839
70840
70841
70842
70843
70844
70845
70846
70847
70848
70849
70850
70851
70936
70937
70938
70939
70940
70941
70942
70943
70944
70945
70946
70947
70948
70949
70950
70951
70952
71036
71037
71038
71039
71040
71041
71042
71043
71044
71045
71046
71047
71048
71049
71050
71051
71136
71137
71138
71139
71140
71141
71142
71143
71144
71145
71146
71147
71148
71149
71150
71151
71152
71236
71237
71238
71239
71240
71241
71242
71243
71244
71245
71246
71247
71248
71249
71250
71251
71336
71337
71338
71339
71340
71341
71342
71343
71344
71345
71346
71347
71348
71349
71350
71351
71352
81217
81218
81219
81220
81221
81222
81223
81317
81318
81319
81320
81321
81322
81323
81417
81418
81419
81420
81421
81422
81423
81517
81518
81519
81520
81521
81522
81523
81617
81618
81619
81620
81621
81622
81623
81717
81718
81719
81720
81721
81722
81723
81817
81818
81819
81820
81821
81822
81823
91519
91520
91521
91522
91523
91618
91619
91620
91621
91622
91623
91719
91720
91721
91722
91723
91818
91819
91820
91821
91822
91823
91918
91919
91920
91921
91922
91923
92018
92019
92020
92021
92022
92023
92119
92120
92121
92122
92123
92218
92219
92220
92221
92222
92223
92318
92319
92320
92321
92322
92323
92418
92419
92420
92421
92422
92423
101820
101821
101822
101823
101920
101921
101922
101923
102020
102021
102022
102023
102120
102121
102122
102123
102220
102221
102222
102223
102320
102321
102322
102323
102420
102421
102422
102423
102520
102521
102522
102523
102620
102621
102622
102623
102720
102721
102722
102723
102820
102821
102822
102823
102920
102921
102922
102923
103021
103022
103023
110912
110913
110914
110915
110916
110917
110918
110919
111013
111014
111015
111016
111017
111018
111019
111020
111115
111116
111117
111118
111119
111120
111121
111122
111123
111215
111216
111217
111218
111219
111220
111221
111222
111223
111224
111225
111317
111318
111319
111320
111321
111322
111323
111324
111325
111326
111327
111328
111418
111419
111420
111421
111422
111423
111424
111425
111426
111427
111428
111429
111430
121013
121014
121015
121016
121017
121018
121019
121020
121115
121116
121117
121118
121119
121120
121121
121122
121123
121124
121215
121216
121217
121218
121219
121220
121221
121222
121223
121224
121225
121317
121318
121319
121320
121321
121322
121323
121324
121325
121326
121327
121328
121418
121419
121420
121421
121422
121423
121424
121425
121426
121427
121428
121429
121430
131215
131216
131217
131218
131219
131220
131221
131222
131223
131224
131225
131317
131318
131319
131320
131321
131322
131323
131324
131325
131326
131327
131328
131418
131419
131420
131421
131422
131423
131424
131425
131426
131427
131428
131429
131430
141418
141419
141420
141421
141422
141423
141424
141425
141426
141427
141428
141429
141430
