51241
51242
51243
51244
51245
51246
51247
51248
51249
51250
51251
51252
51253
51254
51255
51256
51257
51258
51259
51342
51343
51344
51345
51346
51347
51348
51349
51350
51351
51352
51353
51354
51355
51356
51357
51358
51359
51360
51361
51441
51442
51443
51444
51445
51446
51447
51448
51449
51450
51451
51452
51453
51454
51455
51456
51457
51458
51459
61843
61844
61845
61846
61847
61848
61849
61850
61851
61852
61853
61854
61944
61945
61946
61947
61948
61949
61950
61951
61952
61953
61954
62043
62044
62045
62046
62047
62048
62049
62050
62051
62052
62053
62054
62144
62145
62146
62147
62148
62149
62150
62151
62152
62153
62154
72552
72553
72650
72651
72652
72653
72751
72752
72753
72850
72851
72852
72853
72951
72952
72953
73050
73051
73052
73053
110014
110015
110016
110017
110117
110118
110119
110120
110220
110221
110222
110223
110224
110320
110321
110322
110323
110324
110423
110424
110425
110426
110427
110526
110527
110528
110529
110530
110531
110626
110627
110628
110629
110630
110631
110729
110730
110731
110732
110733
110734
110829
110830
110831
110832
110833
110834
110938
110939
110940
110941
110942
110943
110944
120220
120221
120222
120223
120224
120320
120321
120322
120323
120324
120423
120424
120425
120426
120427
120526
120527
120528
120529
120530
120531
120626
120627
120628
120629
120630
120631
120729
120730
120731
120732
120733
120734
120829
120830
120831
120832
120833
120834
120938
120939
120940
120941
120942
120943
120944
120945
121041
121042
121043
121044
121045
121046
121047
121048
121148
130322
130423
130424
130425
130426
130427
130526
130527
130528
130529
130530
130531
130626
130627
130628
130629
130630
130631
130729
130730
130731
130732
130733
130734
130829
130830
130831
130832
130833
130834
130938
130939
130940
130941
130942
130943
130944
130945
131041
131042
131043
131044
131045
131046
131047
131048
131147
131148
131149
131150
131151
131152
131153
131154
131155
131156
131249
131250
131251
131252
131253
131254
131255
131256
131257
131258
131259
140530
140626
140627
140628
140629
140630
140631
140729
140730
140731
140732
140733
140734
140829
140830
140831
140832
140833
140834
140938
140939
140940
140941
140942
140943
140944
140945
141041
141042
141043
141044
141045
141046
141047
141048
141147
141148
141149
141150
141151
141152
141153
141154
141155
141249
141250
141251
141252
141253
141254
141255
141256
141257
141258
141259
141355
141356
141357
141358
141359
141360
141361
141362
141363
141364
141365
141366
141458
141459
141460
141461
141462
141463
141464
141465
141466
141467
141468
141469
141470
150829
150830
150831
150832
150833
150834
150938
150939
150940
150941
150942
150943
150944
150945
151041
151042
151043
151044
151045
151046
151047
151048
151147
151148
151149
151150
151151
151152
151153
151154
151155
151249
151250
151251
151252
151253
151254
151255
151256
151257
151258
151259
151355
151356
151357
151358
151359
151360
151361
151362
151363
151364
151365
151366
151458
151459
151460
151461
151462
151463
151464
151465
151466
151467
151468
151469
151470
