51225
51226
51227
51228
51229
51230
51231
51232
51233
51325
51326
51327
51328
51329
51330
51331
51332
51333
51425
51426
51427
51428
51429
51430
51431
51432
51433
61820
61821
61822
61823
61824
61825
61826
61827
61828
61919
61920
61921
61922
61923
61924
61925
61926
61927
61928
62020
62021
62022
62023
62024
62025
62026
62027
62028
62119
62120
62121
62122
62123
62124
62125
62126
62127
62128
72517
72518
72519
72520
72521
72522
72523
72524
72525
72526
72617
72618
72619
72620
72621
72622
72623
72624
72625
72626
72627
72717
72718
72719
72720
72721
72722
72723
72724
72725
72726
72727
72817
72818
72819
72820
72821
72822
72823
72824
72825
72826
72827
72917
72918
72919
72920
72921
72922
72923
72924
72925
72926
72927
73017
73018
73019
73020
73021
73022
73023
73024
73025
73026
73027
83606
83607
83608
83609
83610
83611
83612
83706
83707
83708
83709
83710
83711
83712
83806
83807
83808
83809
83810
83811
83812
83906
83907
83908
83909
83910
83911
83912
84006
84007
84008
84009
84010
84011
84012
84106
84107
84108
84109
84110
84111
84112
84206
84207
84208
84209
84210
84211
84212
94604
94605
94606
94607
94608
94609
94610
94611
94612
94704
94705
94706
94707
94708
94709
94710
94711
94712
94804
94805
94806
94807
94808
94809
94810
94811
94812
94904
94905
94906
94907
94908
94909
94910
94911
94912
95004
95005
95006
95007
95008
95009
95010
95011
95012
95104
95105
95106
95107
95108
95109
95110
95111
95112
95204
95205
95206
95207
95208
95209
95210
95211
95212
95304
95305
95306
95307
95308
95309
95310
95311
95312
95404
95405
95406
95407
95408
95409
95410
95411
95412
95504
95505
95506
95507
95508
95509
95510
95511
95512
105602
105603
105604
105605
105606
105607
105608
105609
105610
105611
105612
105702
105703
105704
105705
105706
105707
105708
105709
105710
105711
105712
105713
105802
105803
105804
105805
105806
105807
105808
105809
105810
105811
105812
105901
105902
105903
105904
105905
105906
105907
105908
105909
105910
105911
105912
106002
106003
106004
106005
106006
106007
106008
106009
106010
106011
106012
106102
106103
106104
106105
106106
106107
106108
106109
106110
106111
106112
106202
106203
106204
106205
106206
106207
106208
106209
106210
106211
106212
106302
106303
106304
106305
106306
106307
106308
106309
106310
106311
106312
106402
106403
106404
106405
106406
106407
106408
106409
106410
106411
106412
106502
106503
106504
106505
106506
106507
106508
106509
106510
106511
106512
106602
106603
106604
106605
106606
106607
106608
106609
106610
106611
106612
106702
106703
106704
106705
106706
106707
106708
106709
106710
106711
106712
106803
106804
106806
106810
106811
