50030
50031
50032
50033
50034
50035
50036
51430
51431
51432
51433
51434
51435
51436
51437
51530
51531
51532
51533
51534
51535
51536
51537
60026
60027
60028
60029
60030
60031
60032
60033
60034
62126
62127
62128
62129
62130
62131
62132
62133
62134
62226
62227
62228
62229
62230
62231
62232
62233
62234
62326
62327
62328
62329
62330
62331
62332
62333
62334
62335
70026
70027
70028
70029
70030
70031
70032
70033
70034
70035
70036
73026
73027
73028
73029
73030
73031
73032
73033
73034
73035
73036
73126
73127
73128
73129
73130
73131
73132
73133
73134
73135
73136
73226
73227
73228
73229
73230
73231
73232
73233
73234
73235
73236
73326
73327
73328
73329
73330
73331
73332
73333
73334
73335
73336
80011
80012
80013
80014
80015
80016
80017
84211
84212
84213
84214
84215
84216
84217
84311
84312
84313
84314
84315
84316
84317
84411
84412
84413
84414
84415
84416
84417
84511
84512
84513
84514
84515
84516
84517
84611
84612
84613
84614
84615
84616
84617
84711
84712
84713
84714
84715
84716
84717
90011
90012
90013
90014
90015
90016
90017
90018
90019
90113
90119
95411
95412
95413
95414
95415
95416
95417
95418
95419
95511
95512
95513
95514
95515
95516
95517
95518
95519
95611
95612
95613
95614
95615
95616
95617
95618
95619
95711
95712
95713
95714
95715
95716
95717
95718
95719
95811
95812
95813
95814
95815
95816
95817
95818
95819
95911
95912
95913
95914
95915
95916
95917
95918
95919
96011
96012
96013
96014
96015
96016
96017
96018
96019
96111
96112
96113
96114
96115
96116
96117
96118
96119
100011
100012
100013
100014
100015
100016
100017
100018
100019
100020
100021
100111
100112
100113
100114
100115
100116
100117
100118
100119
100120
100121
106512
106513
106515
106516
106517
106518
106519
106611
106612
106613
106614
106615
106616
106617
106618
106619
106620
106621
106711
106712
106713
106714
106715
106716
106717
106718
106719
106720
106721
106811
106812
106813
106814
106815
106816
106817
106818
106819
106820
106821
106911
106912
106913
106914
106915
106916
106917
106918
106919
106920
106921
107011
107012
107013
107014
107015
107016
107017
107018
107019
107020
107021
107111
107112
107113
107114
107115
107116
107117
107118
107119
107120
107121
107211
107212
107213
107214
107215
107216
107217
107218
107219
107220
107221
107311
107312
107313
107314
107315
107316
107317
107318
107319
107320
107321
107411
107412
107413
107414
107415
107416
107417
107418
107419
107420
107421
107511
107512
107513
107514
107515
107516
107517
107518
107519
107520
107521
