51019
51020
51021
51022
51023
51024
51025
51026
51027
51028
51117
51118
51119
51120
51121
51122
51123
51124
51125
51126
51127
51219
51220
51221
51222
51223
51224
51225
51226
51227
51228
61509
61510
61511
61512
61513
61514
61515
61516
61517
61518
61519
61520
61521
61610
61611
61612
61613
61614
61615
61616
61617
61618
61619
61620
61621
61709
61710
61711
61712
61713
61714
61715
61716
61717
61718
61719
61720
61721
61810
61811
61812
61813
61814
61815
61816
61817
61818
61819
61820
61821
72102
72103
72104
72105
72106
72107
72108
72109
72110
72111
72112
72113
72114
72115
72116
72117
72203
72204
72205
72206
72207
72208
72209
72210
72211
72212
72213
72214
72215
72216
72217
72218
72302
72303
72304
72305
72306
72307
72308
72309
72310
72311
72312
72313
72314
72315
72316
72317
72403
72404
72405
72406
72407
72408
72409
72410
72411
72412
72413
72414
72415
72416
72417
72418
72502
72503
72504
72505
72506
72507
72508
72509
72510
72511
72512
72513
72514
72515
72516
72517
72603
72604
72605
72606
72607
72608
72609
72610
72611
72612
72613
72614
72615
72616
72617
72618
83000
83001
83002
83003
83004
83005
83006
83100
83101
83102
83103
83104
83105
83106
83200
83201
83202
83203
83204
83205
83206
83300
83301
83302
83303
83304
83305
83306
83400
83401
83402
83403
83404
83405
83406
83500
83501
83502
83503
83504
83505
83506
83600
83601
83602
83603
83604
83605
83606
93800
93801
93802
93803
93804
93900
93901
93902
93903
93904
94000
94001
94002
94003
94004
94005
94100
94101
94102
94103
94104
94200
94201
94202
94203
94204
94205
94300
94301
94302
94303
94304
94400
94401
94402
94403
94404
94405
94500
94501
94502
94503
94504
94600
94601
94602
94603
94604
94605
94700
94701
94702
94703
94704
104600
104602
104700
104701
104702
104703
104800
104801
104802
104803
104900
104901
104902
104903
105000
105001
105002
105003
105100
105101
105102
105103
105200
105201
105202
105203
105300
105301
105302
105303
105400
105401
105402
105403
105500
105501
105502
105503
105600
105601
105602
105603
105700
105701
105702
105703
105800
105801
105802
105803
180932
180933
180934
180935
180936
180937
180938
180939
181035
181036
181037
181038
181039
181040
181041
181042
181140
181141
181142
181143
181144
181145
181146
181147
181148
181149
181242
181243
181244
181245
181246
181247
181248
181249
181250
181251
181252
181347
181348
181349
181350
181351
181352
181353
181354
181355
181356
181357
181358
181449
181450
181451
181452
181453
181454
181455
181456
181457
181458
181459
181460
181461
191035
191036
191037
191038
191039
191040
191041
191042
191140
191141
191142
191143
191144
191145
191146
191147
191148
191242
191243
191244
191245
191246
191247
191248
191249
191250
191251
191252
191347
191348
191349
191350
191351
191352
191353
191354
191355
191356
191357
191358
191449
191450
191451
191452
191453
191454
191455
191456
191457
191458
191459
191460
191461
201242
201243
201244
201245
201246
201247
201248
201249
201250
201251
201252
201347
201348
201349
201350
201351
201352
201353
201354
201355
201356
201357
201358
201449
201450
201451
201452
201453
201454
201455
201456
201457
201458
201459
201460
201461
211449
211450
211451
211452
211453
211454
211455
211456
211457
211458
211459
211460
211461
