50802
50803
50804
50805
50806
50807
50808
50809
50810
50811
50812
50813
50814
50815
50816
50817
50818
50819
50820
50821
50822
50900
50901
50902
50903
50904
50905
50906
50907
50908
50909
50910
50911
50912
50913
50914
50915
50916
50917
50918
50919
50920
50921
51002
51003
51004
51005
51006
51007
51008
51009
51010
51011
51012
51013
51014
51015
51016
51017
51018
51019
51020
51021
51022
61200
61201
61202
61203
61204
61205
61206
61207
61208
61209
61210
61211
61300
61301
61302
61303
61304
61305
61306
61307
61308
61309
61310
61400
61401
61402
61403
61404
61405
61406
61407
61408
61409
61410
61411
61500
61501
61502
61503
61504
61505
61506
61507
61508
61509
61510
71700
71701
71702
71800
71801
71802
71803
71900
71901
71902
72000
72001
72002
72003
72100
72101
72102
180010
180011
180012
180112
180113
180114
180115
180214
180215
180216
180217
180218
180314
180315
180316
180317
180318
180416
180417
180418
180419
180420
180518
180519
180520
180521
180522
180523
180618
180619
180620
180621
180622
180623
180720
180721
180722
180723
180724
180725
180820
180821
180822
180823
180824
180825
180926
180927
180928
180929
180930
180931
180932
180933
190214
190215
190216
190217
190218
190314
190315
190316
190317
190318
190416
190417
190418
190419
190420
190518
190519
190520
190521
190522
190523
190618
190619
190620
190621
190622
190623
190720
190721
190722
190723
190724
190725
190820
190821
190822
190823
190824
190825
190926
190927
190928
190929
190930
190931
190932
190933
191028
191029
191030
191031
191032
191033
191034
191035
191133
191135
191137
191139
200315
200317
200416
200417
200418
200419
200420
200518
200519
200520
200521
200522
200523
200618
200619
200620
200621
200622
200623
200720
200721
200722
200723
200724
200725
200820
200821
200822
200823
200824
200825
200926
200927
200928
200929
200930
200931
200932
200933
201028
201029
201030
201031
201032
201033
201034
201035
201132
201133
201134
201135
201136
201137
201138
201139
201140
201141
201234
201235
201236
201237
201238
201239
201240
201241
201242
201243
210521
210618
210619
210620
210621
210622
210623
210720
210721
210722
210723
210724
210725
210820
210821
210822
210823
210824
210825
210926
210927
210928
210929
210930
210931
210932
210933
211028
211029
211030
211031
211032
211033
211034
211035
211132
211133
211134
211135
211136
211137
211138
211139
211140
211141
211234
211235
211236
211237
211238
211239
211240
211241
211242
211243
211338
211339
211340
211341
211342
211343
211344
211345
211346
211347
211348
211349
211440
211441
211442
211443
211444
211445
211446
211447
211448
211449
211450
211451
220820
220821
220822
220823
220824
220825
220926
220927
220928
220929
220930
220931
220932
220933
221028
221029
221030
221031
221032
221033
221034
221035
221132
221133
221134
221135
221136
221137
221138
221139
221140
221234
221235
221236
221237
221238
221239
221240
221241
221242
221243
221338
221339
221340
221341
221342
221343
221344
221345
221346
221347
221348
221440
221441
221442
221443
221444
221445
221446
221447
221448
221449
221450
221451
