51219
51220
51221
51222
51223
51224
51225
51226
51227
51228
51318
51319
51320
51321
51322
51323
51324
51325
51326
51327
51419
51420
51421
51422
51423
51424
51425
51426
51427
51428
61810
61811
61812
61813
61814
61815
61816
61817
61818
61819
61820
61821
61909
61910
61911
61912
61913
61914
61915
61916
61917
61918
61919
61920
61921
62010
62011
62012
62013
62014
62015
62016
62017
62018
62019
62020
62021
62109
62110
62111
62112
62113
62114
62115
62116
62117
62118
62119
62120
62121
72502
72503
72504
72505
72506
72507
72508
72509
72510
72511
72512
72513
72514
72515
72516
72517
72603
72604
72605
72606
72607
72608
72609
72610
72611
72612
72613
72614
72615
72616
72617
72618
72702
72703
72704
72705
72706
72707
72708
72709
72710
72711
72712
72713
72714
72715
72716
72717
72803
72804
72805
72806
72807
72808
72809
72810
72811
72812
72813
72814
72815
72816
72817
72818
72902
72903
72904
72905
72906
72907
72908
72909
72910
72911
72912
72913
72914
72915
72916
72917
73003
73004
73005
73006
73007
73008
73009
73010
73011
73012
73013
73014
73015
73016
73017
73018
83600
83601
83602
83603
83604
83605
83606
83700
83701
83702
83703
83704
83705
83706
83800
83801
83802
83803
83804
83805
83806
83900
83901
83902
83903
83904
83905
83906
84000
84001
84002
84003
84004
84005
84006
84100
84101
84102
84103
84104
84105
84106
84200
84201
84202
84203
84204
84205
84206
94600
94601
94602
94603
94604
94700
94701
94702
94703
94704
94800
94801
94802
94803
94804
94805
94900
94901
94902
94903
94904
95000
95001
95002
95003
95004
95005
95100
95101
95102
95103
95104
95200
95201
95202
95203
95204
95300
95301
95302
95303
95304
95400
95401
95402
95403
95404
95405
95500
95501
95502
95503
95504
105600
105601
105602
105603
105700
105701
105702
105703
105800
105801
105802
105803
105900
105901
105902
105903
106000
106001
106002
106003
106100
106101
106102
106103
106200
106201
106202
106203
106300
106301
106302
106303
106400
106401
106402
106403
106500
106501
106502
106503
106600
106601
106602
106603
106700
106701
106702
106703
106800
106802
180939
180940
180941
180942
180943
180944
180945
180946
181042
181043
181044
181045
181046
181047
181048
181049
181148
181149
181150
181151
181152
181153
181154
181155
181156
181250
181251
181252
181253
181254
181255
181256
181257
181258
181259
181260
181356
181357
181358
181359
181360
181361
181362
181363
181364
181365
181366
181367
181459
181460
181461
181462
181463
181464
181465
181466
181467
181468
181469
181470
181471
191042
191043
191044
191045
191046
191047
191048
191049
191148
191149
191150
191151
191152
191153
191154
191155
191156
191250
191251
191252
191253
191254
191255
191256
191257
191258
191259
191260
191356
191357
191358
191359
191360
191361
191362
191363
191364
191365
191366
191367
191459
191460
191461
191462
191463
191464
191465
191466
191467
191468
191469
191470
191471
201250
201251
201252
201253
201254
201255
201256
201257
201258
201259
201260
201356
201357
201358
201359
201360
201361
201362
201363
201364
201365
201366
201367
201459
201460
201461
201462
201463
201464
201465
201466
201467
201468
201469
201470
201471
211459
211460
211461
211462
211463
211464
211465
211466
211467
211468
211469
211470
211471
