50041
50042
50043
50044
50045
50046
50047
50048
50049
50050
50051
50052
50053
50054
50055
50056
50057
50058
50059
51441
51442
51443
51444
51445
51446
51447
51448
51449
51450
51451
51452
51453
51454
51455
51456
51457
51458
51459
51542
51543
51544
51545
51546
51547
51548
51549
51550
51551
51552
51553
51554
51555
51556
51557
51558
51559
51560
51561
51562
60043
60044
60045
60046
60047
60048
60049
60050
60051
60052
60053
60054
62144
62145
62146
62147
62148
62149
62150
62151
62152
62153
62154
62243
62244
62245
62246
62247
62248
62249
62250
62251
62252
62253
62254
62344
62345
62346
62347
62348
62349
62350
62351
62352
62353
62354
70050
70051
70052
70053
73050
73051
73052
73053
73151
73152
73153
73250
73251
73252
73253
73351
73352
73353
110017
110018
110019
110120
110121
110122
110123
110223
110224
110225
110226
110227
110323
110324
110325
110326
110327
110427
110428
110429
110430
110431
110530
110531
110532
110533
110534
110535
110630
110631
110632
110633
110634
110635
110734
110735
110736
110737
110738
110739
110834
110835
110836
110837
110838
110839
110944
110945
110946
110947
110948
110949
110950
110951
120223
120224
120225
120226
120227
120323
120324
120325
120326
120327
120427
120428
120429
120430
120431
120530
120531
120532
120533
120534
120535
120630
120631
120632
120633
120634
120635
120734
120735
120736
120737
120738
120739
120834
120835
120836
120837
120838
120839
120944
120945
120946
120947
120948
120949
120950
120951
121048
121049
121050
121051
121052
121053
121054
121055
121162
130324
130326
130427
130428
130429
130430
130431
130530
130531
130532
130533
130534
130535
130630
130631
130632
130633
130634
130635
130734
130735
130736
130737
130738
130739
130834
130835
130836
130837
130838
130839
130944
130945
130946
130947
130948
130949
130950
130951
131048
131049
131050
131051
131052
131053
131054
131055
131100
131154
131155
131156
131157
131158
131159
131160
131161
131162
131163
131200
131258
131259
131260
131261
131262
131263
131264
131265
131266
131267
131374
140630
140631
140632
140633
140634
140635
140734
140735
140736
140737
140738
140739
140834
140835
140836
140837
140838
140839
140944
140945
140946
140947
140948
140949
140950
140951
141048
141049
141050
141051
141052
141053
141054
141055
141100
141154
141155
141156
141157
141158
141159
141160
141161
141162
141163
141200
141258
141259
141260
141261
141262
141263
141264
141265
141266
141267
141300
141364
141365
141366
141367
141368
141369
141370
141371
141372
141373
141374
141375
141400
141401
141467
141468
141469
141470
141471
141472
141473
141474
141475
141476
141477
141478
141479
150834
150835
150836
150837
150838
150839
150944
150945
150946
150947
150948
150949
150950
150951
151048
151049
151050
151051
151052
151053
151054
151055
151100
151154
151155
151156
151157
151158
151159
151160
151161
151162
151163
151200
151257
151258
151259
151260
151261
151262
151263
151264
151265
151266
151267
151300
151364
151365
151366
151367
151368
151369
151370
151371
151372
151373
151374
151375
151400
151401
151467
151468
151469
151470
151471
151472
151473
151474
151475
151476
151477
151478
151479
