50402
50403
50404
50405
50406
50407
50408
50409
50410
50411
50412
50413
50414
50415
50416
50417
50418
50419
50420
50421
50500
50501
50502
50503
50504
50505
50506
50507
50508
50509
50510
50511
50512
50513
50514
50515
50516
50517
50518
50519
50520
50603
50604
50605
50606
50607
50608
50609
50610
50611
50612
50613
50614
50615
50616
50617
50618
50619
50620
50621
60600
60601
60602
60603
60604
60605
60606
60607
60608
60609
60610
60611
60700
60701
60702
60703
60704
60705
60706
60707
60708
60709
60710
60800
60801
60802
60803
60804
60805
60806
60807
60808
60809
60810
60811
60900
60901
60902
60903
60904
60905
60906
60907
60908
60909
60910
70800
70801
70802
70803
70900
70901
70902
71000
71001
71002
71003
71100
71101
71102
71200
71201
71202
71203
71300
71301
71302
180005
180006
180007
180008
180106
180107
180108
180109
180207
180208
180209
180210
180211
180307
180308
180309
180310
180311
180408
180409
180410
180411
180412
180509
180510
180511
180512
180513
180514
180609
180610
180611
180612
180613
180614
180710
180711
180712
180713
180714
180715
180810
180811
180812
180813
180814
180815
180913
180914
180915
180916
180917
180918
180919
180920
190207
190208
190209
190210
190211
190307
190308
190309
190310
190311
190408
190409
190410
190411
190412
190509
190510
190511
190512
190513
190514
190609
190610
190611
190612
190613
190614
190710
190711
190712
190713
190714
190715
190810
190811
190812
190813
190814
190815
190913
190914
190915
190916
190917
190918
190919
190920
191014
191015
191016
191017
191018
191019
191020
191021
200309
200408
200409
200410
200411
200412
200509
200510
200511
200512
200513
200514
200609
200610
200611
200612
200613
200614
200710
200711
200712
200713
200714
200715
200810
200811
200812
200813
200814
200815
200913
200914
200915
200916
200917
200918
200919
200920
201014
201015
201016
201017
201018
201019
201020
201021
201115
201116
201117
201118
201119
201120
201121
201122
201123
201124
201125
201216
201217
201218
201219
201220
201221
201222
201223
201224
201225
201226
210513
210609
210610
210611
210612
210613
210614
210710
210711
210712
210713
210714
210715
210810
210811
210812
210813
210814
210815
210913
210914
210915
210916
210917
210918
210919
210920
211014
211015
211016
211017
211018
211019
211020
211021
211115
211116
211117
211118
211119
211120
211121
211122
211123
211124
211125
211216
211217
211218
211219
211220
211221
211222
211223
211224
211225
211226
211317
211318
211319
211320
211321
211322
211323
211324
211325
211326
211327
211328
211329
211330
211418
211419
211420
211421
211422
211423
211424
211425
211426
211427
211428
211429
211430
211431
211432
220810
220811
220812
220813
220814
220815
220913
220914
220915
220916
220917
220918
220919
220920
221014
221015
221016
221017
221018
221019
221020
221021
221115
221116
221117
221118
221119
221120
221121
221122
221123
221124
221125
221216
221217
221218
221219
221220
221221
221222
221223
221224
221225
221226
221318
221319
221320
221321
221322
221323
221324
221325
221326
221327
221328
221329
221330
221418
221419
221420
221421
221422
221423
221424
221425
221426
221427
221428
221429
221430
221431
221432
