50440
50441
50442
50443
50444
50445
50446
50447
50448
50449
50450
50451
50452
50453
50454
50455
50456
50457
50458
50459
50460
50541
50542
50543
50544
50545
50546
50547
50548
50549
50550
50551
50552
50553
50554
50555
50556
50557
50558
50559
50560
50561
50562
50640
50641
50642
50643
50644
50645
50646
50647
50648
50649
50650
50651
50652
50653
50654
50655
50656
50657
50658
50659
50660
60643
60644
60645
60646
60647
60648
60649
60650
60651
60652
60653
60654
60744
60745
60746
60747
60748
60749
60750
60751
60752
60753
60754
60843
60844
60845
60846
60847
60848
60849
60850
60851
60852
60853
60854
60944
60945
60946
60947
60948
60949
60950
60951
60952
60953
60954
70851
70852
70853
70951
70952
70953
71050
71051
71052
71053
71151
71152
71153
71250
71251
71252
71253
71352
71353
110004
110005
110006
110007
110105
110106
110107
110108
110206
110207
110208
110209
110210
110306
110307
110308
110309
110310
110407
110408
110409
110410
110411
110508
110509
110510
110511
110512
110608
110609
110610
110611
110612
110613
110709
110710
110711
110712
110713
110714
110809
110810
110811
110812
110813
110814
110912
110913
110914
110915
110916
110917
110918
120206
120207
120208
120209
120210
120306
120307
120308
120309
120310
120407
120408
120409
120410
120411
120508
120509
120510
120511
120512
120513
120608
120609
120610
120611
120612
120613
120709
120710
120711
120712
120713
120714
120809
120810
120811
120812
120813
120814
120912
120913
120914
120915
120916
120917
120918
120919
121013
121014
121015
121016
121017
121018
121019
121020
121116
121118
121122
130308
130407
130408
130409
130410
130411
130508
130509
130510
130511
130512
130513
130608
130609
130610
130611
130612
130613
130709
130710
130711
130712
130713
130714
130809
130810
130811
130812
130813
130814
130912
130913
130914
130915
130916
130917
130918
130919
131013
131014
131015
131016
131017
131018
131019
131020
131115
131116
131117
131118
131119
131120
131121
131122
131123
131215
131216
131217
131218
131219
131220
131221
131222
131223
131224
131225
140608
140609
140610
140611
140612
140613
140709
140710
140711
140712
140713
140714
140809
140810
140811
140812
140813
140814
140912
140913
140914
140915
140916
140917
140918
140919
141013
141014
141015
141016
141017
141018
141019
141020
141114
141115
141116
141117
141118
141119
141120
141121
141122
141123
141215
141216
141217
141218
141219
141220
141221
141222
141223
141224
141225
141317
141318
141319
141320
141321
141322
141323
141324
141325
141326
141327
141328
141418
141419
141420
141421
141422
141423
141424
141425
141426
141427
141428
141429
141430
150809
150810
150811
150812
150813
150814
150912
150913
150914
150915
150916
150917
150918
150919
151013
151014
151015
151016
151017
151018
151019
151020
151115
151116
151117
151118
151119
151120
151121
151122
151123
151215
151216
151217
151218
151219
151220
151221
151222
151223
151224
151225
151317
151318
151319
151320
151321
151322
151323
151324
151325
151326
151327
151328
151418
151419
151420
151421
151422
151423
151424
151425
151426
151427
151428
151429
151430
