50619
50620
50621
50622
50623
50624
50625
50626
50627
50628
50718
50719
50720
50721
50722
50723
50724
50725
50726
50727
50819
50820
50821
50822
50823
50824
50825
50826
50827
50828
60909
60910
60911
60912
60913
60914
60915
60916
60917
60918
60919
60920
60921
61010
61011
61012
61013
61014
61015
61016
61017
61018
61019
61020
61021
61109
61110
61111
61112
61113
61114
61115
61116
61117
61118
61119
61120
61121
61210
61211
61212
61213
61214
61215
61216
61217
61218
61219
61220
61221
71302
71303
71304
71305
71306
71307
71308
71309
71310
71311
71312
71313
71314
71315
71316
71317
71403
71404
71405
71406
71407
71408
71409
71410
71411
71412
71413
71414
71415
71416
71417
71418
71502
71503
71504
71505
71506
71507
71508
71509
71510
71511
71512
71513
71514
71515
71516
71517
71603
71604
71605
71606
71607
71608
71609
71610
71611
71612
71613
71614
71615
71616
71617
71618
71702
71703
71704
71705
71706
71707
71708
71709
71710
71711
71712
71713
71714
71715
71716
71717
81800
81801
81802
81803
81804
81805
81806
81900
81901
81902
81903
81904
81905
81906
82000
82001
82002
82003
82004
82005
82006
82100
82101
82102
82103
82104
82105
82106
82200
82201
82202
82203
82204
82205
82206
82300
82301
82302
82303
82304
82305
82306
82400
82401
82402
82403
82404
82405
82406
92300
92301
92302
92303
92304
92400
92401
92402
92403
92404
92405
92500
92501
92502
92503
92504
92600
92601
92602
92603
92604
92605
92700
92701
92702
92703
92704
92800
92801
92802
92803
92804
92900
92901
92902
92903
92904
93000
93001
93002
93003
93004
93100
93101
93102
93103
93104
102700
102701
102702
102800
102801
102802
102803
102900
102901
102902
102903
103000
103001
103002
103003
103100
103101
103102
103103
103200
103201
103202
103203
103300
103301
103302
103303
103400
103401
103402
103403
103500
103501
103502
103503
103600
103601
103602
103603
103700
103701
103702
103703
103800
103801
103802
103803
180919
180920
180921
180922
180923
180924
180925
180926
181021
181022
181023
181024
181025
181026
181027
181028
181123
181124
181125
181126
181127
181128
181129
181130
181131
181132
181225
181226
181227
181228
181229
181230
181231
181232
181233
181234
181328
181329
181330
181331
181332
181333
181334
181335
181336
181337
181338
181429
181430
181431
181432
181433
181434
181435
181436
181437
181438
181439
181440
191021
191022
191023
191024
191025
191026
191027
191028
191124
191125
191126
191127
191128
191129
191130
191131
191132
191225
191226
191227
191228
191229
191230
191231
191232
191233
191234
191328
191329
191330
191331
191332
191333
191334
191335
191336
191337
191338
191429
191430
191431
191432
191433
191434
191435
191436
191437
191438
191439
191440
201225
201226
201227
201228
201229
201230
201231
201232
201233
201234
201328
201329
201330
201331
201332
201333
201334
201335
201336
201337
201338
201429
201430
201431
201432
201433
201434
201435
201436
201437
201438
201439
201440
211429
211430
211431
211432
211433
211434
211435
211436
211437
211438
211439
211440
