50041
50042
50043
50044
50045
50046
50047
50048
50049
50050
50051
50052
50053
50054
50055
50056
50057
50058
50059
50142
50143
50144
50145
50146
50147
50148
50149
50150
50151
50152
50153
50154
50155
50156
50157
50158
50159
50160
50161
50162
50241
50242
50243
50244
50245
50246
50247
50248
50249
50250
50251
50252
50253
50254
50255
50256
50257
50258
50259
60043
60044
60045
60046
60047
60048
60049
60050
60051
60052
60053
60054
60144
60145
60146
60147
60148
60149
60150
60151
60152
60153
60154
60243
60244
60245
60246
60247
60248
60249
60250
60251
60252
60253
60254
60344
60345
60346
60347
60348
60349
60350
60351
60352
60353
60354
70050
70051
70052
70053
70151
70152
70153
70250
70251
70252
70253
70351
70352
70353
70450
70451
70452
70453
110000
110001
110019
110100
110101
110102
110123
110200
110201
110202
110203
110227
110300
110301
110302
110303
110327
110400
110401
110402
110403
110431
110500
110501
110502
110503
110504
110535
110600
110601
110602
110603
110604
110635
110700
110701
110702
110703
110704
110739
110800
110801
110802
110803
110804
110839
110900
110901
110902
110903
110904
110905
110906
110951
120200
120201
120202
120203
120227
120300
120301
120302
120303
120327
120400
120401
120402
120403
120431
120500
120501
120502
120503
120504
120535
120600
120601
120602
120603
120604
120635
120700
120701
120702
120703
120704
120739
120800
120801
120802
120803
120804
120839
120900
120901
120902
120903
120904
120905
120906
120951
121000
121001
121002
121003
121004
121005
121006
121055
130300
130302
130400
130401
130402
130403
130431
130500
130501
130502
130503
130504
130535
130600
130601
130602
130603
130604
130635
130700
130701
130702
130703
130704
130739
130800
130801
130802
130803
130804
130839
130900
130901
130902
130903
130904
130905
130906
130951
131000
131001
131002
131003
131004
131005
131006
131055
131100
131101
131102
131103
131104
131105
131106
131107
131163
131200
131201
131202
131203
131204
131205
131206
131207
131208
131267
140600
140601
140602
140603
140604
140635
140700
140701
140702
140703
140704
140739
140800
140801
140802
140803
140804
140839
140900
140901
140902
140903
140904
140905
140906
140951
141000
141001
141002
141003
141004
141005
141006
141055
141100
141101
141102
141103
141104
141105
141106
141107
141163
141200
141201
141202
141203
141204
141205
141206
141207
141208
141266
141267
141300
141301
141302
141303
141304
141305
141306
141307
141308
141309
141374
141375
141400
141401
141402
141403
141404
141405
141406
141407
141408
141409
141410
141478
141479
150800
150801
150802
150803
150804
150839
150900
150901
150902
150903
150904
150905
150906
150951
151000
151001
151002
151003
151004
151005
151006
151055
151100
151101
151102
151103
151104
151105
151106
151107
151108
151163
151200
151201
151202
151203
151204
151205
151206
151207
151208
151266
151267
151300
151301
151302
151303
151304
151305
151306
151307
151308
151309
151374
151375
151400
151401
151402
151403
151404
151405
151406
151407
151408
151409
151410
151478
151479
