50426
50427
50428
50429
50430
50431
50432
50525
50526
50527
50528
50529
50530
50531
50532
50626
50627
50628
50629
50630
50631
50632
60620
60621
60622
60623
60624
60625
60626
60627
60628
60720
60721
60722
60723
60724
60725
60726
60727
60728
60820
60821
60822
60823
60824
60825
60826
60827
60828
60920
60921
60922
60923
60924
60925
60926
60927
60928
70817
70818
70819
70820
70821
70822
70823
70824
70825
70826
70827
70917
70918
70919
70920
70921
70922
70923
70924
70925
70926
70927
71017
71018
71019
71020
71021
71022
71023
71024
71025
71026
71027
71117
71118
71119
71120
71121
71122
71123
71124
71125
71126
71127
71217
71218
71219
71220
71221
71222
71223
71224
71225
71226
71227
71317
71318
71319
71320
71321
71322
71323
71324
71325
71326
71327
81206
81207
81208
81209
81210
81211
81212
81306
81307
81308
81309
81310
81311
81312
81406
81407
81408
81409
81410
81411
81412
81506
81507
81508
81509
81510
81511
81512
81606
81607
81608
81609
81610
81611
81612
81706
81707
81708
81709
81710
81711
81712
81806
81807
81808
81809
81810
81811
81812
91504
91505
91506
91507
91508
91509
91510
91511
91512
91604
91605
91606
91607
91608
91609
91610
91611
91612
91704
91705
91706
91707
91708
91709
91710
91711
91712
91804
91805
91806
91807
91808
91809
91810
91811
91812
91904
91905
91906
91907
91908
91909
91910
91911
91912
92004
92005
92006
92007
92008
92009
92010
92011
92012
92104
92105
92106
92107
92108
92109
92110
92111
92112
92204
92205
92206
92207
92208
92209
92210
92211
92212
92304
92305
92306
92307
92308
92309
92310
92311
92312
92404
92405
92406
92407
92408
92409
92410
92411
92412
101802
101803
101804
101805
101806
101807
101808
101809
101810
101811
101812
101902
101903
101904
101905
101906
101907
101908
101909
101910
101911
101912
102002
102003
102004
102005
102006
102007
102008
102009
102010
102011
102012
102102
102103
102104
102105
102106
102107
102108
102109
102110
102111
102112
102202
102203
102204
102205
102206
102207
102208
102209
102210
102211
102212
102302
102303
102304
102305
102306
102307
102308
102309
102310
102311
102312
102402
102403
102404
102405
102406
102407
102408
102409
102410
102411
102412
102502
102503
102504
102505
102506
102507
102508
102509
102510
102511
102512
102602
102603
102604
102605
102606
102607
102608
102609
102610
102611
102612
102702
102703
102704
102705
102706
102707
102708
102709
102710
102711
102712
102802
102803
102804
102805
102806
102807
102808
102809
102810
102811
102812
102902
102903
102904
102905
102906
102907
102908
102909
102910
102911
102912
103003
103005
103007
103010
