50634
50635
50636
50637
50638
50639
50640
50641
50642
50643
50644
50734
50735
50736
50737
50738
50739
50740
50741
50742
50743
50744
50745
50834
50835
50836
50837
50838
50839
50840
50841
50842
50843
50844
60933
60934
60935
60936
60937
60938
60939
60940
60941
60942
60943
60944
60945
61033
61034
61035
61036
61037
61038
61039
61040
61041
61042
61043
61044
61045
61133
61134
61135
61136
61137
61138
61139
61140
61141
61142
61143
61144
61145
61146
61233
61234
61235
61236
61237
61238
61239
61240
61241
61242
61243
61244
71336
71337
71338
71339
71340
71341
71342
71343
71344
71345
71346
71347
71348
71349
71350
71351
71352
71435
71436
71437
71438
71439
71440
71441
71442
71443
71444
71445
71446
71447
71448
71449
71450
71451
71536
71537
71538
71539
71540
71541
71542
71543
71544
71545
71546
71547
71548
71549
71550
71551
71552
71635
71636
71637
71638
71639
71640
71641
71642
71643
71644
71645
71646
71647
71648
71649
71650
71651
71736
71737
71738
71739
71740
71741
71742
71743
71744
71745
71746
71747
71748
71749
71750
71751
71752
81817
81818
81819
81820
81821
81822
81823
81917
81918
81919
81920
81921
81922
81923
82017
82018
82019
82020
82021
82022
82023
82117
82118
82119
82120
82121
82122
82123
82217
82218
82219
82220
82221
82222
82223
82317
82318
82319
82320
82321
82322
82323
82417
82418
82419
82420
82421
82422
82423
92318
92319
92320
92321
92322
92323
92418
92419
92420
92421
92422
92423
92518
92519
92520
92521
92522
92523
92618
92619
92620
92621
92622
92623
92718
92719
92720
92721
92722
92723
92818
92819
92820
92821
92822
92823
92918
92919
92920
92921
92922
92923
93018
93019
93020
93021
93022
93023
93118
93119
93120
93121
93122
93123
102723
102820
102821
102822
102823
102920
102921
102922
102923
103019
103020
103021
103022
103023
103120
103121
103122
103123
103220
103221
103222
103223
103320
103321
103322
103323
103420
103421
103422
103423
103520
103521
103522
103523
103620
103621
103622
103623
103720
103721
103722
103723
103820
103821
103822
103823
110918
110919
110920
110921
110922
110923
110924
110925
111020
111021
111022
111023
111024
111025
111026
111027
111122
111123
111124
111125
111126
111127
111128
111129
111130
111131
111224
111225
111226
111227
111228
111229
111230
111231
111232
111233
111327
111328
111329
111330
111331
111332
111333
111334
111335
111336
111337
111428
111429
111430
111431
111432
111433
111434
111435
111436
111437
111438
111439
121020
121021
121022
121023
121024
121025
121026
121027
121123
121124
121125
121126
121127
121128
121129
121130
121131
121224
121225
121226
121227
121228
121229
121230
121231
121232
121233
121327
121328
121329
121330
121331
121332
121333
121334
121335
121336
121337
121428
121429
121430
121431
121432
121433
121434
121435
121436
121437
121438
121439
131224
131225
131226
131227
131228
131229
131230
131231
131232
131233
131327
131328
131329
131330
131331
131332
131333
131334
131335
131336
131337
131428
131429
131430
131431
131432
131433
131434
131435
131436
131437
131438
131439
141336
141428
141429
141430
141431
141432
141433
141434
141435
141436
141437
141438
141439
