51030
51031
51032
51033
51034
51035
51036
51037
51130
51131
51132
51133
51134
51135
51136
51137
51230
51231
51232
51233
51234
51235
51236
51237
61526
61527
61528
61529
61530
61531
61532
61533
61534
61626
61627
61628
61629
61630
61631
61632
61633
61634
61726
61727
61728
61729
61730
61731
61732
61733
61734
61735
61826
61827
61828
61829
61830
61831
61832
61833
61834
72127
72128
72129
72130
72131
72132
72133
72134
72135
72136
72226
72227
72228
72229
72230
72231
72232
72233
72234
72235
72236
72327
72328
72329
72330
72331
72332
72333
72334
72335
72336
72426
72427
72428
72429
72430
72431
72432
72433
72434
72435
72436
72526
72527
72528
72529
72530
72531
72532
72533
72534
72535
72536
72627
72628
72629
72630
72631
72632
72633
72634
72635
72636
83011
83012
83013
83014
83015
83016
83017
83111
83112
83113
83114
83115
83116
83117
83211
83212
83213
83214
83215
83216
83217
83311
83312
83313
83314
83315
83316
83317
83411
83412
83413
83414
83415
83416
83417
83511
83512
83513
83514
83515
83516
83517
83611
83612
83613
83614
83615
83616
83617
93811
93812
93813
93814
93815
93816
93817
93818
93819
93911
93912
93913
93914
93915
93916
93917
93918
93919
94011
94012
94013
94014
94015
94016
94017
94018
94019
94111
94112
94113
94114
94115
94116
94117
94118
94119
94211
94212
94213
94214
94215
94216
94217
94218
94219
94311
94312
94313
94314
94315
94316
94317
94318
94319
94411
94412
94413
94414
94415
94416
94417
94418
94419
94511
94512
94513
94514
94515
94516
94517
94518
94519
94611
94612
94613
94614
94615
94616
94617
94618
94619
94711
94712
94713
94714
94715
94716
94717
94718
94719
104612
104614
104615
104617
104618
104619
104620
104711
104712
104713
104714
104715
104716
104717
104718
104719
104720
104721
104811
104812
104813
104814
104815
104816
104817
104818
104819
104820
104821
104911
104912
104913
104914
104915
104916
104917
104918
104919
104920
104921
105011
105012
105013
105014
105015
105016
105017
105018
105019
105020
105021
105111
105112
105113
105114
105115
105116
105117
105118
105119
105120
105121
105211
105212
105213
105214
105215
105216
105217
105218
105219
105220
105221
105311
105312
105313
105314
105315
105316
105317
105318
105319
105320
105321
105411
105412
105413
105414
105415
105416
105417
105418
105419
105420
105421
105511
105512
105513
105514
105515
105516
105517
105518
105519
105520
105521
105611
105612
105613
105614
105615
105616
105617
105618
105619
105620
105621
105711
105712
105713
105714
105715
105716
105717
105718
105719
105720
105721
105811
105812
105813
105814
105815
105816
105817
105818
105819
105820
