50025
50026
50027
50028
50029
50030
50031
50032
50033
50124
50125
50126
50127
50128
50129
50130
50131
50132
50133
50225
50226
50227
50228
50229
50230
50231
50232
50233
60020
60021
60022
60023
60024
60025
60026
60027
60028
60119
60120
60121
60122
60123
60124
60125
60126
60127
60128
60219
60220
60221
60222
60223
60224
60225
60226
60227
60228
60319
60320
60321
60322
60323
60324
60325
60326
60327
60328
70017
70018
70019
70020
70021
70022
70023
70024
70025
70026
70027
70117
70118
70119
70120
70121
70122
70123
70124
70125
70126
70127
70217
70218
70219
70220
70221
70222
70223
70224
70225
70226
70227
70317
70318
70319
70320
70321
70322
70323
70324
70325
70326
70327
70417
70418
70419
70420
70421
70422
70423
70424
70425
70426
70427
80006
80007
80008
80009
80010
80011
80012
80106
80107
80108
80109
80110
80111
80112
80206
80207
80208
80209
80210
80211
80212
80306
80307
80308
80309
80310
80311
80312
80406
80407
80408
80409
80410
80411
80412
80506
80507
80508
80509
80510
80511
80512
80606
80607
80608
80609
80610
80611
80612
90004
90005
90006
90007
90008
90009
90010
90011
90012
90104
90105
90106
90107
90108
90109
90110
90111
90112
90204
90205
90206
90207
90208
90209
90210
90211
90212
90304
90305
90306
90307
90308
90309
90310
90311
90312
90404
90405
90406
90407
90408
90409
90410
90411
90412
90504
90505
90506
90507
90508
90509
90510
90511
90512
90604
90605
90606
90607
90608
90609
90610
90611
90612
90704
90705
90706
90707
90708
90709
90710
90711
90712
90804
90805
90806
90807
90808
90809
90810
90811
90812
90905
90907
90908
90909
90910
90911
96104
96105
96106
96107
96108
96109
96110
96111
96112
100002
100003
100004
100005
100006
100007
100008
100009
100010
100011
100012
100102
100103
100104
100105
100106
100107
100108
100109
100110
100111
100112
100202
100203
100204
100205
100206
100207
100208
100209
100210
100211
100212
100302
100303
100304
100305
100306
100307
100308
100309
100310
100311
100312
100313
100402
100403
100404
100405
100406
100407
100408
100409
100410
100411
100412
100502
100503
100504
100505
100506
100507
100508
100509
100510
100511
100512
100602
100603
100604
100605
100606
100607
100608
100609
100610
100611
100612
100702
100703
100704
100705
100706
100707
100708
100709
100710
100711
100712
100802
100803
100804
100805
100806
100807
100808
100809
100810
100811
100812
100902
100903
100904
100905
100906
100907
100908
100909
100910
100911
100912
101002
101003
101004
101005
101006
101007
101008
101009
101010
101011
101012
101102
101103
101104
101105
101106
101107
101108
101109
101110
101111
101112
107404
107405
107406
107407
107408
107409
107410
107411
107502
107503
107504
107505
107506
107507
107508
107509
107510
107511
107512
