50029
50030
50031
50032
50033
50034
50035
50036
50037
50129
50130
50131
50132
50133
50134
50135
50136
50137
50229
50230
50231
50232
50233
50234
50235
50236
50237
60026
60027
60028
60029
60030
60031
60032
60033
60034
60126
60127
60128
60129
60130
60131
60132
60133
60134
60135
60226
60227
60228
60229
60230
60231
60232
60233
60234
60326
60327
60328
60329
60330
60331
60332
60333
60334
70026
70027
70028
70029
70030
70031
70032
70033
70034
70035
70036
70126
70127
70128
70129
70130
70131
70132
70133
70134
70135
70136
70226
70227
70228
70229
70230
70231
70232
70233
70234
70235
70236
70326
70327
70328
70329
70330
70331
70332
70333
70334
70335
70336
70426
70427
70428
70429
70430
70431
70432
70433
70434
70435
70436
80011
80012
80013
80014
80015
80016
80017
80111
80112
80113
80114
80115
80116
80117
80211
80212
80213
80214
80215
80216
80217
80311
80312
80313
80314
80315
80316
80317
80411
80412
80413
80414
80415
80416
80417
80511
80512
80513
80514
80515
80516
80517
80611
80612
80613
80614
80615
80616
80617
90011
90012
90013
90014
90015
90016
90017
90018
90019
90111
90112
90113
90114
90115
90116
90117
90118
90119
90211
90212
90213
90214
90215
90216
90217
90218
90219
90311
90312
90313
90314
90315
90316
90317
90318
90319
90411
90412
90413
90414
90415
90416
90417
90418
90419
90511
90512
90513
90514
90515
90516
90517
90518
90519
90611
90612
90613
90614
90615
90616
90617
90618
90619
90711
90712
90713
90714
90715
90716
90717
90718
90719
90811
90812
90813
90814
90815
90816
90817
90818
90819
96111
96113
96115
96116
96117
96118
96119
100011
100012
100013
100014
100015
100016
100017
100018
100019
100020
100021
100111
100112
100113
100114
100115
100116
100117
100118
100119
100120
100121
100122
100211
100212
100213
100214
100215
100216
100217
100218
100219
100220
100221
100311
100312
100313
100314
100315
100316
100317
100318
100319
100320
100321
100411
100412
100413
100414
100415
100416
100417
100418
100419
100420
100421
100511
100512
100513
100514
100515
100516
100517
100518
100519
100520
100521
100611
100612
100613
100614
100615
100616
100617
100618
100619
100620
100621
100711
100712
100713
100714
100715
100716
100717
100718
100719
100720
100721
100811
100812
100813
100814
100815
100816
100817
100818
100819
100820
100821
100911
100912
100913
100914
100915
100916
100917
100918
100919
100920
100921
101011
101012
101013
101014
101015
101016
101017
101018
101019
101020
101021
101111
101114
101115
101116
101119
107511
107512
107513
107514
107515
107516
107517
107518
107519
107520
107521
