50203
50204
50205
50206
50207
50208
50209
50210
50211
50212
50213
50214
50215
50216
50217
50218
50219
50220
50221
50300
50301
50302
50303
50304
50305
50306
50307
50308
50309
50310
50311
50312
50313
50314
50315
50316
50317
50318
50319
50320
50403
50404
50405
50406
50407
50408
50409
50410
50411
50412
50413
50414
50415
50416
50417
50418
50419
50420
50421
60300
60301
60302
60303
60304
60305
60306
60307
60308
60309
60310
60400
60401
60402
60403
60404
60405
60406
60407
60408
60409
60410
60411
60500
60501
60502
60503
60504
60505
60506
60507
60508
60509
60510
60600
60601
60602
60603
60604
60605
60606
60607
60608
60609
60610
60611
70400
70401
70402
70403
70500
70501
70502
70600
70601
70602
70603
70700
70701
70702
70800
70801
70802
70803
70900
70901
180002
180003
180004
180005
180103
180104
180105
180106
180203
180204
180205
180206
180207
180303
180304
180305
180306
180307
180404
180405
180406
180407
180408
180504
180505
180506
180507
180508
180509
180604
180605
180606
180607
180608
180609
180705
180706
180707
180708
180709
180710
180805
180806
180807
180808
180809
180810
180906
180907
180908
180909
180910
180911
180912
180913
190203
190204
190205
190206
190207
190303
190304
190305
190306
190307
190404
190405
190406
190407
190408
190504
190505
190506
190507
190508
190509
190604
190605
190606
190607
190608
190609
190705
190706
190707
190708
190709
190710
190805
190806
190807
190808
190809
190810
190906
190907
190908
190909
190910
190911
190912
190913
191007
191008
191009
191010
191011
191012
191013
191014
191113
191115
200305
200404
200405
200406
200407
200408
200504
200505
200506
200507
200508
200509
200604
200605
200606
200607
200608
200609
200705
200706
200707
200708
200709
200710
200805
200806
200807
200808
200809
200810
200906
200907
200908
200909
200910
200911
200912
200913
201007
201008
201009
201010
201011
201012
201013
201014
201108
201109
201110
201111
201112
201113
201114
201115
201116
201208
201209
201210
201211
201212
201213
201214
201215
201216
201217
201218
210604
210605
210606
210607
210608
210609
210705
210706
210707
210708
210709
210710
210805
210806
210807
210808
210809
210810
210906
210907
210908
210909
210910
210911
210912
210913
211007
211008
211009
211010
211011
211012
211013
211014
211108
211109
211110
211111
211112
211113
211114
211115
211116
211208
211209
211210
211211
211212
211213
211214
211215
211216
211217
211218
211309
211310
211311
211312
211313
211314
211315
211316
211317
211318
211319
211320
211409
211410
211411
211412
211413
211414
211415
211416
211417
211418
211419
211420
211421
220805
220806
220807
220808
220809
220810
220906
220907
220908
220909
220910
220911
220912
220913
221007
221008
221009
221010
221011
221012
221013
221014
221108
221109
221110
221111
221112
221113
221114
221115
221116
221117
221208
221209
221210
221211
221212
221213
221214
221215
221216
221217
221218
221309
221310
221311
221312
221313
221314
221315
221316
221317
221318
221319
221320
221409
221410
221411
221412
221413
221414
221415
221416
221417
221418
221419
221420
221421
