51234
51235
51236
51237
51238
51239
51240
51241
51242
51243
51335
51336
51337
51338
51339
51340
51341
51342
51343
51344
51434
51435
51436
51437
51438
51439
51440
51441
51442
51443
61833
61834
61835
61836
61837
61838
61839
61840
61841
61842
61843
61844
61933
61934
61935
61936
61937
61938
61939
61940
61941
61942
61943
61944
61945
62033
62034
62035
62036
62037
62038
62039
62040
62041
62042
62043
62044
62133
62134
62135
62136
62137
62138
62139
62140
62141
62142
62143
62144
62145
72536
72537
72538
72539
72540
72541
72542
72543
72544
72545
72546
72547
72548
72549
72550
72551
72552
72636
72637
72638
72639
72640
72641
72642
72643
72644
72645
72646
72647
72648
72649
72650
72651
72736
72737
72738
72739
72740
72741
72742
72743
72744
72745
72746
72747
72748
72749
72750
72751
72752
72836
72837
72838
72839
72840
72841
72842
72843
72844
72845
72846
72847
72848
72849
72850
72851
72936
72937
72938
72939
72940
72941
72942
72943
72944
72945
72946
72947
72948
72949
72950
72951
72952
73036
73037
73038
73039
73040
73041
73042
73043
73044
73045
73046
73047
73048
73049
73050
73051
83617
83618
83619
83620
83621
83622
83623
83717
83718
83719
83720
83721
83722
83723
83817
83818
83819
83820
83821
83822
83823
83917
83918
83919
83920
83921
83922
83923
84017
84018
84019
84020
84021
84022
84023
84117
84118
84119
84120
84121
84122
84123
84217
84218
84219
84220
84221
84222
84223
94618
94619
94620
94621
94622
94623
94719
94720
94721
94722
94723
94818
94819
94820
94821
94822
94823
94918
94919
94920
94921
94922
94923
95018
95019
95020
95021
95022
95023
95118
95119
95120
95121
95122
95123
95218
95219
95220
95221
95222
95223
95318
95319
95320
95321
95322
95323
95418
95419
95420
95421
95422
95423
95519
95520
95521
95522
95523
105520
105521
105522
105523
105620
105621
105622
105623
105720
105721
105722
105723
105820
105821
105822
105823
105920
105921
105922
105923
106020
106021
106022
106023
106120
106121
106122
106123
106220
106221
106222
106223
106320
106321
106322
106323
106420
106421
106422
106423
106520
106521
106522
106523
106620
106621
106622
106623
106720
106721
106722
106723
106820
106821
106822
106823
110938
110939
110940
110941
110942
110943
110944
110945
111041
111042
111043
111044
111045
111046
111047
111048
111146
111147
111148
111149
111150
111151
111152
111153
111154
111155
111156
111249
111250
111251
111252
111253
111254
111255
111256
111257
111258
111259
111260
111355
111356
111357
111358
111359
111360
111361
111362
111363
111364
111365
111366
111367
111457
111458
111459
111460
111461
111462
111463
111464
111465
111466
111467
111468
111469
111470
121041
121042
121043
121044
121045
121046
121047
121048
121146
121147
121148
121149
121150
121151
121152
121153
121154
121155
121156
121249
121250
121251
121252
121253
121254
121255
121256
121257
121258
121259
121355
121356
121357
121358
121359
121360
121361
121362
121363
121364
121365
121366
121367
121457
121458
121459
121460
121461
121462
121463
121464
121465
121466
121467
121468
121469
121470
121471
131249
131250
131251
131252
131253
131254
131255
131256
131257
131258
131259
131355
131356
131357
131358
131359
131360
131361
131362
131363
131364
131365
131366
131367
131457
131458
131459
131460
131461
131462
131463
131464
131465
131466
131467
131468
131469
131470
131471
141457
141458
141459
141460
141461
141462
141463
141464
141465
141466
141467
141468
141469
141470
141471
