50025
50026
50027
50028
50029
50030
50031
50032
50033
51425
51426
51427
51428
51429
51430
51431
51432
51433
51524
51525
51526
51527
51528
51529
51530
51531
51532
51533
60020
60021
60022
60023
60024
60025
60026
60027
60028
62119
62120
62121
62122
62123
62124
62125
62126
62127
62128
62220
62221
62222
62223
62224
62225
62226
62227
62228
62319
62320
62321
62322
62323
62324
62325
62326
62327
62328
70017
70018
70019
70020
70021
70022
70023
70024
70025
70026
70027
73017
73018
73019
73020
73021
73022
73023
73024
73025
73026
73027
73117
73118
73119
73120
73121
73122
73123
73124
73125
73126
73127
73217
73218
73219
73220
73221
73222
73223
73224
73225
73226
73227
73317
73318
73319
73320
73321
73322
73323
73324
73325
73326
73327
80006
80007
80008
80009
80010
80011
80012
84206
84207
84208
84209
84210
84211
84212
84306
84307
84308
84309
84310
84311
84312
84406
84407
84408
84409
84410
84411
84412
84506
84507
84508
84509
84510
84511
84512
84606
84607
84608
84609
84610
84611
84612
84706
84707
84708
84709
84710
84711
84712
90004
90005
90006
90007
90008
90009
90010
90011
90012
90104
90105
90106
90107
90108
90109
90110
90111
90112
95305
95306
95307
95308
95309
95310
95311
95404
95405
95406
95407
95408
95409
95410
95411
95412
95503
95504
95505
95506
95507
95508
95509
95510
95511
95512
95604
95605
95606
95607
95608
95609
95610
95611
95612
95703
95704
95705
95706
95707
95708
95709
95710
95711
95712
95804
95805
95806
95807
95808
95809
95810
95811
95812
95904
95905
95906
95907
95908
95909
95910
95911
95912
96004
96005
96006
96007
96008
96009
96010
96011
96012
96104
96105
96106
96107
96108
96109
96110
96111
96112
100002
100003
100004
100005
100006
100007
100008
100009
100010
100011
100012
100101
100102
100103
100104
100105
100106
100107
100108
100109
100110
100111
100112
100204
100205
100206
100207
100208
100209
100210
100211
106502
106503
106504
106505
106506
106507
106508
106509
106510
106511
106512
106602
106603
106604
106605
106606
106607
106608
106609
106610
106611
106612
106701
106702
106703
106704
106705
106706
106707
106708
106709
106710
106711
106712
106802
106803
106804
106805
106806
106807
106808
106809
106810
106811
106812
106901
106902
106903
106904
106905
106906
106907
106908
106909
106910
106911
106912
107002
107003
107004
107005
107006
107007
107008
107009
107010
107011
107012
107102
107103
107104
107105
107106
107107
107108
107109
107110
107111
107112
107202
107203
107204
107205
107206
107207
107208
107209
107210
107211
107212
107302
107303
107304
107305
107306
107307
107308
107309
107310
107311
107312
107402
107403
107404
107405
107406
107407
107408
107409
107410
107411
107412
107502
107503
107504
107505
107506
107507
107508
107509
107510
107511
107512
