51230
51231
51232
51233
51234
51235
51236
51330
51331
51332
51333
51334
51335
51336
51337
51430
51431
51432
51433
51434
51435
51436
61826
61827
61828
61829
61830
61831
61832
61833
61834
61926
61927
61928
61929
61930
61931
61932
61933
61934
62026
62027
62028
62029
62030
62031
62032
62033
62034
62127
62128
62129
62130
62131
62132
62133
62134
72527
72528
72529
72530
72531
72532
72533
72534
72535
72536
72627
72628
72629
72630
72631
72632
72633
72634
72635
72636
72726
72727
72728
72729
72730
72731
72732
72733
72734
72735
72736
72826
72827
72828
72829
72830
72831
72832
72833
72834
72835
72836
72926
72927
72928
72929
72930
72931
72932
72933
72934
72935
72936
73027
73028
73029
73030
73031
73032
73033
73034
73035
73036
83611
83612
83613
83614
83615
83616
83617
83711
83712
83713
83714
83715
83716
83717
83811
83812
83813
83814
83815
83816
83817
83911
83912
83913
83914
83915
83916
83917
84011
84012
84013
84014
84015
84016
84017
84111
84112
84113
84114
84115
84116
84117
84211
84212
84213
84214
84215
84216
84217
94611
94612
94613
94614
94615
94616
94617
94618
94619
94711
94712
94713
94714
94715
94716
94717
94718
94719
94811
94812
94813
94814
94815
94816
94817
94818
94819
94911
94912
94913
94914
94915
94916
94917
94918
94919
95011
95012
95013
95014
95015
95016
95017
95018
95019
95111
95112
95113
95114
95115
95116
95117
95118
95119
95211
95212
95213
95214
95215
95216
95217
95218
95219
95311
95312
95313
95314
95315
95316
95317
95318
95319
95411
95412
95413
95414
95415
95416
95417
95418
95419
95511
95512
95513
95514
95515
95516
95517
95518
95519
105512
105513
105514
105515
105516
105517
105518
105519
105520
105611
105612
105613
105614
105615
105616
105617
105618
105619
105620
105621
105711
105712
105713
105714
105715
105716
105717
105718
105719
105720
105721
105811
105812
105813
105814
105815
105816
105817
105818
105819
105820
105821
105911
105912
105913
105914
105915
105916
105917
105918
105919
105920
105921
106011
106012
106013
106014
106015
106016
106017
106018
106019
106020
106021
106111
106112
106113
106114
106115
106116
106117
106118
106119
106120
106121
106211
106212
106213
106214
106215
106216
106217
106218
106219
106220
106221
106311
106312
106313
106314
106315
106316
106317
106318
106319
106320
106321
106411
106412
106413
106414
106415
106416
106417
106418
106419
106420
106421
106511
106512
106513
106514
106515
106516
106517
106518
106519
106520
106521
106611
106612
106613
106614
106615
106616
106617
106618
106619
106620
106621
106711
106712
106713
106714
106715
106716
106717
106718
106719
106720
106721
106811
106812
106813
106814
106815
106816
106817
106818
106819
106820
106821
