51203
51204
51205
51206
51207
51208
51209
51210
51211
51212
51213
51214
51215
51216
51217
51218
51219
51220
51221
51301
51302
51303
51304
51305
51306
51307
51308
51309
51310
51311
51312
51313
51314
51315
51316
51317
51318
51319
51320
51403
51404
51405
51406
51407
51408
51409
51410
51411
51412
51413
51414
51415
51416
51417
51418
51419
51420
51421
61800
61801
61802
61803
61804
61805
61806
61807
61808
61809
61810
61811
61900
61901
61902
61903
61904
61905
61906
61907
61908
61909
61910
62000
62001
62002
62003
62004
62005
62006
62007
62008
62009
62010
62011
62100
62101
62102
62103
62104
62105
62106
62107
62108
62109
62110
72500
72502
72600
72601
72602
72603
72700
72701
72702
72800
72801
72802
72803
72900
72901
72902
73000
73001
73002
73003
180015
180016
180017
180018
180118
180119
180120
180121
180221
180222
180223
180224
180225
180321
180322
180323
180324
180325
180424
180425
180426
180427
180428
180527
180528
180529
180530
180531
180627
180628
180629
180630
180631
180632
180730
180731
180732
180733
180734
180735
180830
180831
180832
180833
180834
180835
180939
180940
180941
180942
180943
180944
180945
190221
190222
190223
190224
190225
190321
190322
190323
190324
190325
190424
190425
190426
190427
190428
190527
190528
190529
190530
190531
190532
190627
190628
190629
190630
190631
190632
190730
190731
190732
190733
190734
190735
190830
190831
190832
190833
190834
190835
190939
190940
190941
190942
190943
190944
190945
190946
191042
191043
191044
191045
191046
191047
191048
191049
200323
200424
200425
200426
200427
200428
200527
200528
200529
200530
200531
200532
200627
200628
200629
200630
200631
200632
200730
200731
200732
200733
200734
200735
200830
200831
200832
200833
200834
200835
200939
200940
200941
200942
200943
200944
200945
200946
201042
201043
201044
201045
201046
201047
201048
201049
201148
201149
201150
201151
201152
201153
201154
201155
201156
201250
201251
201252
201253
201254
201255
201256
201257
201258
201259
201260
210627
210628
210629
210630
210631
210632
210730
210731
210732
210733
210734
210735
210830
210831
210832
210833
210834
210835
210939
210940
210941
210942
210943
210944
210945
210946
211042
211043
211044
211045
211046
211047
211048
211049
211148
211149
211150
211151
211152
211153
211154
211155
211156
211250
211251
211252
211253
211254
211255
211256
211257
211258
211259
211260
211356
211357
211358
211359
211360
211361
211362
211363
211364
211365
211366
211367
211459
211460
211461
211462
211463
211464
211465
211466
211467
211468
211469
211470
211471
220830
220831
220832
220833
220834
220835
220939
220940
220941
220942
220943
220944
220945
220946
221042
221043
221044
221045
221046
221047
221048
221049
221148
221149
221150
221151
221152
221153
221154
221155
221156
221250
221251
221252
221253
221254
221255
221256
221257
221258
221259
221260
221356
221357
221358
221359
221360
221361
221362
221363
221364
221365
221366
221367
221459
221460
221461
221462
221463
221464
221465
221466
221467
221468
221469
221470
221471
