50430
50431
50432
50433
50434
50435
50436
50530
50531
50532
50533
50534
50535
50536
50537
50630
50631
50632
50633
50634
50635
50636
50637
60626
60627
60628
60629
60630
60631
60632
60633
60634
60726
60727
60728
60729
60730
60731
60732
60733
60734
60735
60826
60827
60828
60829
60830
60831
60832
60833
60834
60926
60927
60928
60929
60930
60931
60932
60933
60934
60935
70827
70828
70829
70830
70831
70832
70833
70834
70835
70836
70926
70927
70928
70929
70930
70931
70932
70933
70934
70935
70936
71026
71027
71028
71029
71030
71031
71032
71033
71034
71035
71036
71126
71127
71128
71129
71130
71131
71132
71133
71134
71135
71136
71226
71227
71228
71229
71230
71231
71232
71233
71234
71235
71236
71327
71328
71329
71330
71331
71332
71333
71334
71335
71336
81211
81212
81213
81214
81215
81216
81217
81311
81312
81313
81314
81315
81316
81317
81411
81412
81413
81414
81415
81416
81417
81511
81512
81513
81514
81515
81516
81517
81611
81612
81613
81614
81615
81616
81617
81711
81712
81713
81714
81715
81716
81717
81811
81812
81813
81814
81815
81816
81817
91511
91512
91513
91514
91515
91516
91517
91518
91519
91611
91612
91613
91614
91615
91616
91617
91618
91619
91711
91712
91713
91714
91715
91716
91717
91718
91719
91811
91812
91813
91814
91815
91816
91817
91818
91819
91911
91912
91913
91914
91915
91916
91917
91918
91919
92011
92012
92013
92014
92015
92016
92017
92018
92019
92111
92112
92113
92114
92115
92116
92117
92118
92119
92211
92212
92213
92214
92215
92216
92217
92218
92219
92311
92312
92313
92314
92315
92316
92317
92318
92319
92411
92412
92413
92414
92415
92416
92417
92418
92419
101811
101812
101813
101814
101815
101816
101817
101818
101819
101820
101911
101912
101913
101914
101915
101916
101917
101918
101919
101920
101921
102011
102012
102013
102014
102015
102016
102017
102018
102019
102020
102021
102111
102112
102113
102114
102115
102116
102117
102118
102119
102120
102121
102211
102212
102213
102214
102215
102216
102217
102218
102219
102220
102221
102311
102312
102313
102314
102315
102316
102317
102318
102319
102320
102321
102411
102412
102413
102414
102415
102416
102417
102418
102419
102420
102421
102511
102512
102513
102514
102515
102516
102517
102518
102519
102520
102521
102611
102612
102613
102614
102615
102616
102617
102618
102619
102620
102621
102711
102712
102713
102714
102715
102716
102717
102718
102719
102720
102721
102811
102812
102813
102814
102815
102816
102817
102818
102819
102820
102821
102911
102912
102913
102914
102915
102916
102917
102918
102919
102920
102921
103011
103012
103014
103017
103019
103020
