50841
50842
50843
50844
50845
50846
50847
50848
50849
50850
50851
50852
50853
50854
50855
50856
50857
50858
50859
50860
50942
50943
50944
50945
50946
50947
50948
50949
50950
50951
50952
50953
50954
50955
50956
50957
50958
50959
50960
50961
50962
51041
51042
51043
51044
51045
51046
51047
51048
51049
51050
51051
51052
51053
51054
51055
51056
51057
51058
51059
61243
61244
61245
61246
61247
61248
61249
61250
61251
61252
61253
61254
61344
61345
61346
61347
61348
61349
61350
61351
61352
61353
61354
61443
61444
61445
61446
61447
61448
61449
61450
61451
61452
61453
61454
61544
61545
61546
61547
61548
61549
61550
61551
61552
61553
61554
71751
71752
71753
71850
71851
71852
71853
71951
71952
71953
72050
72051
72052
72053
72151
72152
72153
110009
110010
110011
110012
110111
110112
110113
110114
110213
110214
110215
110216
110217
110313
110314
110315
110316
110317
110415
110416
110417
110418
110419
110517
110518
110519
110520
110521
110522
110617
110618
110619
110620
110621
110622
110719
110720
110721
110722
110723
110724
110819
110820
110821
110822
110823
110824
110925
110926
110927
110928
110929
110930
110931
110932
120213
120214
120215
120216
120217
120313
120314
120315
120316
120317
120415
120416
120417
120418
120419
120517
120518
120519
120520
120521
120522
120617
120618
120619
120620
120621
120622
120719
120720
120721
120722
120723
120724
120819
120820
120821
120822
120823
120824
120925
120926
120927
120928
120929
120930
120931
120932
121027
121028
121029
121030
121031
121032
121033
121034
121132
121134
130314
130316
130415
130416
130417
130418
130419
130517
130518
130519
130520
130521
130522
130617
130618
130619
130620
130621
130622
130719
130720
130721
130722
130723
130724
130819
130820
130821
130822
130823
130824
130925
130926
130927
130928
130929
130930
130931
130932
131027
131028
131029
131030
131031
131032
131033
131034
131131
131132
131133
131134
131135
131136
131137
131138
131139
131140
131233
131234
131235
131236
131237
131238
131239
131240
131241
131242
140518
140617
140618
140619
140620
140621
140622
140719
140720
140721
140722
140723
140724
140819
140820
140821
140822
140823
140824
140925
140926
140927
140928
140929
140930
140931
140932
141027
141028
141029
141030
141031
141032
141033
141034
141131
141132
141133
141134
141135
141136
141137
141138
141139
141140
141233
141234
141235
141236
141237
141238
141239
141240
141241
141242
141337
141338
141339
141340
141341
141342
141343
141344
141345
141346
141347
141439
141440
141441
141442
141443
141444
141445
141446
141447
141448
141449
141450
150819
150820
150821
150822
150823
150824
150925
150926
150927
150928
150929
150930
150931
150932
151027
151028
151029
151030
151031
151032
151033
151034
151131
151132
151133
151134
151135
151136
151137
151138
151139
151233
151234
151235
151236
151237
151238
151239
151240
151241
151242
151337
151338
151339
151340
151341
151342
151343
151344
151345
151346
151347
151439
151440
151441
151442
151443
151444
151445
151446
151447
151448
151449
151450
