51026
51027
51028
51029
51030
51031
51032
51125
51126
51127
51128
51129
51130
51131
51132
51226
51227
51228
51229
51230
51231
51232
61520
61521
61522
61523
61524
61525
61526
61527
61620
61621
61622
61623
61624
61625
61626
61627
61628
61720
61721
61722
61723
61724
61725
61726
61727
61728
61820
61821
61822
61823
61824
61825
61826
61827
61828
72117
72118
72119
72120
72121
72122
72123
72124
72125
72126
72127
72217
72218
72219
72220
72221
72222
72223
72224
72225
72226
72227
72317
72318
72319
72320
72321
72322
72323
72324
72325
72326
72327
72417
72418
72419
72420
72421
72422
72423
72424
72425
72426
72427
72517
72518
72519
72520
72521
72522
72523
72524
72525
72526
72527
72618
72619
72620
72621
72622
72623
72624
72625
72626
72627
83006
83007
83008
83009
83010
83011
83012
83106
83107
83108
83109
83110
83111
83112
83206
83207
83208
83209
83210
83211
83212
83306
83307
83308
83309
83310
83311
83312
83406
83407
83408
83409
83410
83411
83412
83506
83507
83508
83509
83510
83511
83512
83606
83607
83608
83609
83610
83611
83612
93804
93805
93806
93807
93808
93809
93810
93811
93904
93905
93906
93907
93908
93909
93910
93911
93912
94004
94005
94006
94007
94008
94009
94010
94011
94012
94104
94105
94106
94107
94108
94109
94110
94111
94112
94204
94205
94206
94207
94208
94209
94210
94211
94212
94304
94305
94306
94307
94308
94309
94310
94311
94312
94404
94405
94406
94407
94408
94409
94410
94411
94412
94504
94505
94506
94507
94508
94509
94510
94511
94512
94604
94605
94606
94607
94608
94609
94610
94611
94612
94704
94705
94706
94707
94708
94709
94710
94711
94712
104604
104605
104606
104607
104609
104610
104702
104703
104704
104705
104706
104707
104708
104709
104710
104711
104712
104802
104803
104804
104805
104806
104807
104808
104809
104810
104811
104812
104902
104903
104904
104905
104906
104907
104908
104909
104910
104911
104912
105002
105003
105004
105005
105006
105007
105008
105009
105010
105011
105012
105102
105103
105104
105105
105106
105107
105108
105109
105110
105111
105112
105202
105203
105204
105205
105206
105207
105208
105209
105210
105211
105212
105302
105303
105304
105305
105306
105307
105308
105309
105310
105311
105312
105402
105403
105404
105405
105406
105407
105408
105409
105410
105411
105412
105502
105503
105504
105505
105506
105507
105508
105509
105510
105511
105512
105602
105603
105604
105605
105606
105607
105608
105609
105610
105611
105612
105702
105703
105704
105705
105706
105707
105708
105709
105710
105711
105712
105803
105804
105805
105806
105807
105808
105809
105810
105811
105812
