50003
50004
50005
50006
50007
50008
50009
50010
50011
50012
50013
50014
50015
50016
50017
50018
50019
50020
50021
50100
50101
50102
50103
50104
50105
50106
50107
50108
50109
50110
50111
50112
50113
50114
50115
50116
50117
50118
50119
50120
50203
50204
50205
50206
50207
50208
50209
50210
50211
50212
50213
50214
50215
50216
50217
50218
50219
50220
50221
60000
60001
60002
60003
60004
60005
60006
60007
60008
60009
60010
60011
60100
60101
60102
60103
60104
60105
60106
60107
60108
60109
60110
60200
60201
60202
60203
60204
60205
60206
60207
60208
60209
60210
60211
60300
60301
60302
60303
60304
60305
60306
60307
60308
60309
60310
70000
70001
70002
70003
70100
70101
70102
70200
70201
70202
70203
70300
70301
70302
70400
70401
70402
70403
180000
180001
180002
180100
180101
180102
180103
180200
180201
180202
180203
180204
180300
180301
180302
180303
180304
180400
180401
180402
180403
180404
180500
180501
180502
180503
180504
180505
180600
180601
180602
180603
180604
180605
180700
180701
180702
180703
180704
180705
180800
180801
180802
180803
180804
180805
180900
180901
180902
180903
180904
180905
180906
180907
190200
190201
190202
190203
190204
190300
190301
190302
190303
190304
190400
190401
190402
190403
190404
190500
190501
190502
190503
190504
190505
190600
190601
190602
190603
190604
190605
190700
190701
190702
190703
190704
190705
190800
190801
190802
190803
190804
190805
190900
190901
190902
190903
190904
190905
190906
190907
191000
191001
191002
191003
191004
191005
191006
191007
191104
200301
200303
200400
200401
200402
200403
200404
200500
200501
200502
200503
200504
200505
200600
200601
200602
200603
200604
200605
200700
200701
200702
200703
200704
200705
200800
200801
200802
200803
200804
200805
200900
200901
200902
200903
200904
200905
200906
200907
201000
201001
201002
201003
201004
201005
201006
201007
201100
201101
201102
201103
201104
201105
201106
201107
201108
201109
201163
201200
201201
201202
201203
201204
201205
201206
201207
201208
201209
201267
210600
210601
210602
210603
210604
210605
210700
210701
210702
210703
210704
210705
210800
210801
210802
210803
210804
210805
210900
210901
210902
210903
210904
210905
210906
210907
211000
211001
211002
211003
211004
211005
211006
211007
211100
211101
211102
211103
211104
211105
211106
211107
211108
211109
211163
211200
211201
211202
211203
211204
211205
211206
211207
211208
211209
211210
211267
211300
211301
211302
211303
211304
211305
211306
211307
211308
211309
211310
211311
211375
211400
211401
211402
211403
211404
211405
211406
211407
211408
211409
211410
211411
211412
211478
211479
220800
220801
220802
220803
220804
220805
220900
220901
220902
220903
220904
220905
220906
220907
221000
221001
221002
221003
221004
221005
221006
221007
221008
221100
221101
221102
221103
221104
221105
221106
221107
221108
221109
221163
221200
221201
221202
221203
221204
221205
221206
221207
221208
221209
221267
221300
221301
221302
221303
221304
221305
221306
221307
221308
221309
221310
221311
221375
221400
221401
221402
221403
221404
221405
221406
221407
221408
221409
221410
221411
221412
221478
221479
