50218
50219
50220
50221
50222
50223
50224
50225
50226
50227
50228
50229
50317
50318
50319
50320
50321
50322
50323
50324
50325
50326
50327
50328
50418
50419
50420
50421
50422
50423
50424
50425
50426
50427
50428
50429
60309
60310
60311
60312
60313
60314
60315
60316
60317
60318
60319
60320
60321
60409
60410
60411
60412
60413
60414
60415
60416
60417
60418
60419
60420
60421
60422
60508
60509
60510
60511
60512
60513
60514
60515
60516
60517
60518
60519
60520
60521
60609
60610
60611
60612
60613
60614
60615
60616
60617
60618
60619
60620
60621
60622
70403
70404
70405
70406
70407
70408
70409
70410
70411
70412
70413
70414
70415
70416
70417
70418
70502
70503
70504
70505
70506
70507
70508
70509
70510
70511
70512
70513
70514
70515
70516
70517
70603
70604
70605
70606
70607
70608
70609
70610
70611
70612
70613
70614
70615
70616
70617
70618
70702
70703
70704
70705
70706
70707
70708
70709
70710
70711
70712
70713
70714
70715
70716
70717
70718
70802
70803
70804
70805
70806
70807
70808
70809
70810
70811
70812
70813
70814
70815
70816
70817
70818
70902
70903
70904
70905
70906
70907
70908
70909
70910
70911
70912
70913
70914
70915
70916
70917
80600
80601
80602
80603
80604
80605
80606
80700
80701
80702
80703
80704
80705
80706
80800
80801
80802
80803
80804
80805
80806
80900
80901
80902
80903
80904
80905
80906
81000
81001
81002
81003
81004
81005
81006
81100
81101
81102
81103
81104
81105
81106
81200
81201
81202
81203
81204
81205
81206
90700
90701
90702
90703
90704
90800
90801
90802
90803
90804
90805
90900
90901
90902
90903
90904
90905
91000
91001
91002
91003
91004
91005
91100
91101
91102
91103
91104
91105
91200
91201
91202
91203
91204
91205
91300
91301
91302
91303
91304
91305
91400
91401
91402
91403
91404
91405
91500
91501
91502
91503
91504
91505
91600
91601
91602
91603
91604
91605
100801
100900
100901
100902
100903
101000
101001
101002
101003
101004
101100
101101
101102
101103
101200
101201
101202
101203
101300
101301
101302
101303
101304
101400
101401
101402
101403
101500
101501
101502
101503
101600
101601
101602
101603
101700
101701
101702
101703
101800
101801
101802
101803
101804
101900
101901
101902
101903
102000
102001
102002
102003
180906
180907
180908
180909
180910
180911
180912
180913
181007
181008
181009
181010
181011
181012
181013
181014
181108
181109
181110
181111
181112
181113
181114
181115
181116
181208
181209
181210
181211
181212
181213
181214
181215
181216
181217
181218
181309
181310
181311
181312
181313
181314
181315
181316
181317
181318
181319
181320
181409
181410
181411
181412
181413
181414
181415
181416
181417
181418
181419
181420
181421
191007
191008
191009
191010
191011
191012
191013
191014
191108
191109
191110
191111
191112
191113
191114
191115
191116
191117
191208
191209
191210
191211
191212
191213
191214
191215
191216
191217
191218
191309
191310
191311
191312
191313
191314
191315
191316
191317
191318
191319
191320
191409
191410
191411
191412
191413
191414
191415
191416
191417
191418
191419
191420
191421
201208
201209
201210
201211
201212
201213
201214
201215
201216
201217
201218
201309
201310
201311
201312
201313
201314
201315
201316
201317
201318
201319
201320
201409
201410
201411
201412
201413
201414
201415
201416
201417
201418
201419
201420
201421
211309
211311
211315
211409
211410
211411
211412
211413
211414
211415
211416
211417
211418
211419
211420
211421
