50641
50642
50643
50644
50645
50646
50647
50648
50649
50650
50651
50652
50653
50654
50655
50656
50657
50658
50659
50660
50742
50743
50744
50745
50746
50747
50748
50749
50750
50751
50752
50753
50754
50755
50756
50757
50758
50759
50760
50761
50762
50841
50842
50843
50844
50845
50846
50847
50848
50849
50850
50851
50852
50853
50854
50855
50856
50857
50858
50859
50860
60944
60945
60946
60947
60948
60949
60950
60951
60952
60953
60954
61043
61044
61045
61046
61047
61048
61049
61050
61051
61052
61053
61054
61144
61145
61146
61147
61148
61149
61150
61151
61152
61153
61154
61243
61244
61245
61246
61247
61248
61249
61250
61251
61252
61253
61254
71351
71352
71353
71450
71451
71452
71453
71551
71552
71553
71650
71651
71652
71653
71752
71753
110006
110007
110008
110009
110108
110109
110110
110111
110209
110210
110211
110212
110213
110309
110310
110311
110312
110313
110411
110412
110413
110414
110415
110512
110513
110514
110515
110516
110517
110613
110614
110615
110616
110617
110714
110715
110716
110717
110718
110719
110814
110815
110816
110817
110818
110819
110918
110919
110920
110921
110922
110923
110924
110925
120209
120210
120211
120212
120213
120309
120310
120311
120312
120313
120411
120412
120413
120414
120415
120512
120513
120514
120515
120516
120517
120612
120613
120614
120615
120616
120617
120714
120715
120716
120717
120718
120719
120814
120815
120816
120817
120818
120819
120918
120919
120920
120921
120922
120923
120924
120925
121020
121021
121022
121023
121024
121025
121026
121027
121128
121130
130310
130312
130411
130412
130413
130414
130415
130512
130513
130514
130515
130516
130517
130612
130613
130614
130615
130616
130617
130714
130715
130716
130717
130718
130719
130814
130815
130816
130817
130818
130819
130918
130919
130920
130921
130922
130923
130924
130925
131020
131021
131022
131023
131024
131025
131026
131027
131123
131124
131125
131126
131127
131128
131129
131130
131131
131224
131225
131226
131227
131228
131229
131230
131231
131232
131233
140612
140613
140614
140615
140616
140617
140714
140715
140716
140717
140718
140719
140814
140815
140816
140817
140818
140819
140918
140919
140920
140921
140922
140923
140924
140925
141020
141021
141022
141023
141024
141025
141026
141027
141123
141124
141125
141126
141127
141128
141129
141130
141131
141224
141225
141226
141227
141228
141229
141230
141231
141232
141233
141327
141328
141329
141330
141331
141332
141333
141334
141335
141336
141337
141428
141429
141430
141431
141432
141433
141434
141435
141436
141437
141438
141439
150814
150815
150816
150817
150818
150819
150918
150919
150920
150921
150922
150923
150924
150925
151020
151021
151022
151023
151024
151025
151026
151027
151123
151124
151125
151126
151127
151128
151129
151130
151131
151224
151225
151226
151227
151228
151229
151230
151231
151232
151233
151327
151328
151329
151330
151331
151332
151333
151334
151335
151336
151337
151428
151429
151430
151431
151432
151433
151434
151435
151436
151437
151438
151439
