50629
50630
50631
50632
50633
50634
50635
50636
50637
50729
50730
50731
50732
50733
50734
50735
50736
50737
50738
50829
50830
50831
50832
50833
50834
50835
50836
50837
60926
60927
60928
60929
60930
60931
60932
60933
60934
60935
61026
61027
61028
61029
61030
61031
61032
61033
61034
61035
61126
61127
61128
61129
61130
61131
61132
61133
61134
61135
61226
61227
61228
61229
61230
61231
61232
61233
61234
61235
71326
71327
71328
71329
71330
71331
71332
71333
71334
71335
71336
71426
71427
71428
71429
71430
71431
71432
71433
71434
71435
71436
71526
71527
71528
71529
71530
71531
71532
71533
71534
71535
71536
71626
71627
71628
71629
71630
71631
71632
71633
71634
71635
71636
71726
71727
71728
71729
71730
71731
71732
71733
71734
71735
71736
81811
81812
81813
81814
81815
81816
81817
81911
81912
81913
81914
81915
81916
81917
82011
82012
82013
82014
82015
82016
82017
82111
82112
82113
82114
82115
82116
82117
82211
82212
82213
82214
82215
82216
82217
82311
82312
82313
82314
82315
82316
82317
82411
82412
82413
82414
82415
82416
82417
92311
92312
92313
92314
92315
92316
92317
92318
92319
92411
92412
92413
92414
92415
92416
92417
92418
92419
92511
92512
92513
92514
92515
92516
92517
92518
92519
92611
92612
92613
92614
92615
92616
92617
92618
92619
92711
92712
92713
92714
92715
92716
92717
92718
92719
92811
92812
92813
92814
92815
92816
92817
92818
92819
92911
92912
92913
92914
92915
92916
92917
92918
92919
93011
93012
93013
93014
93015
93016
93017
93018
93019
93111
93112
93113
93114
93115
93116
93117
93118
93119
102712
102713
102714
102715
102716
102717
102719
102720
102811
102812
102813
102814
102815
102816
102817
102818
102819
102820
102821
102911
102912
102913
102914
102915
102916
102917
102918
102919
102920
102921
103011
103012
103013
103014
103015
103016
103017
103018
103019
103020
103021
103111
103112
103113
103114
103115
103116
103117
103118
103119
103120
103121
103211
103212
103213
103214
103215
103216
103217
103218
103219
103220
103221
103311
103312
103313
103314
103315
103316
103317
103318
103319
103320
103321
103410
103411
103412
103413
103414
103415
103416
103417
103418
103419
103420
103421
103511
103512
103513
103514
103515
103516
103517
103518
103519
103520
103521
103611
103612
103613
103614
103615
103616
103617
103618
103619
103620
103621
103711
103712
103713
103714
103715
103716
103717
103718
103719
103720
103721
103811
103812
103813
103814
103815
103816
103817
103818
103819
103820
103821
