51034
51035
51036
51037
51038
51039
51040
51041
51042
51043
51044
51134
51135
51136
51137
51138
51139
51140
51141
51142
51143
51144
51145
51233
51234
51235
51236
51237
51238
51239
51240
51241
51242
51243
51244
61533
61534
61535
61536
61537
61538
61539
61540
61541
61542
61543
61544
61545
61546
61632
61633
61634
61635
61636
61637
61638
61639
61640
61641
61642
61643
61644
61645
61733
61734
61735
61736
61737
61738
61739
61740
61741
61742
61743
61744
61745
61746
61832
61833
61834
61835
61836
61837
61838
61839
61840
61841
61842
61843
61844
72136
72137
72138
72139
72140
72141
72142
72143
72144
72145
72146
72147
72148
72149
72150
72151
72152
72235
72236
72237
72238
72239
72240
72241
72242
72243
72244
72245
72246
72247
72248
72249
72250
72251
72336
72337
72338
72339
72340
72341
72342
72343
72344
72345
72346
72347
72348
72349
72350
72351
72352
72435
72436
72437
72438
72439
72440
72441
72442
72443
72444
72445
72446
72447
72448
72449
72450
72451
72536
72537
72538
72539
72540
72541
72542
72543
72544
72545
72546
72547
72548
72549
72550
72551
72552
72636
72637
72638
72639
72640
72641
72642
72643
72644
72645
72646
72647
72648
72649
72650
72651
83017
83018
83019
83020
83021
83022
83023
83117
83118
83119
83120
83121
83122
83123
83217
83218
83219
83220
83221
83222
83223
83317
83318
83319
83320
83321
83322
83323
83417
83418
83419
83420
83421
83422
83423
83517
83518
83519
83520
83521
83522
83523
83617
83618
83619
83620
83621
83622
83623
93818
93819
93820
93821
93822
93823
93918
93919
93920
93921
93922
93923
94018
94019
94020
94021
94022
94023
94118
94119
94120
94121
94122
94123
94218
94219
94220
94221
94222
94223
94318
94319
94320
94321
94322
94323
94418
94419
94420
94421
94422
94423
94518
94519
94520
94521
94522
94523
94618
94619
94620
94621
94622
94623
94719
94720
94721
94722
94723
104620
104621
104622
104623
104720
104721
104722
104723
104819
104820
104821
104822
104823
104920
104921
104922
104923
105019
105020
105021
105022
105023
105120
105121
105122
105123
105219
105220
105221
105222
105223
105320
105321
105322
105323
105419
105420
105421
105422
105423
105520
105521
105522
105523
105620
105621
105622
105623
105719
105720
105721
105722
105723
105820
105821
105822
105823
105920
105921
105923
110931
110932
110933
110934
110935
110936
110937
110938
111034
111035
111036
111037
111038
111039
111040
111041
111138
111139
111140
111141
111142
111143
111144
111145
111146
111147
111148
111240
111241
111242
111243
111244
111245
111246
111247
111248
111249
111250
111251
111345
111346
111347
111348
111349
111350
111351
111352
111353
111354
111355
111356
111357
111447
111448
111449
111450
111451
111452
111453
111454
111455
111456
111457
111458
111459
111460
111461
121034
121035
121036
121037
121038
121039
121040
121041
121138
121139
121140
121141
121142
121143
121144
121145
121146
121147
121148
121241
121242
121243
121244
121245
121246
121247
121248
121249
121250
121251
121345
121346
121347
121348
121349
121350
121351
121352
121353
121354
121355
121356
121357
121447
121448
121449
121450
121451
121452
121453
121454
121455
121456
121457
121458
121459
121460
121461
131240
131241
131242
131243
131244
131245
131246
131247
131248
131249
131250
131251
131345
131346
131347
131348
131349
131350
131351
131352
131353
131354
131355
131356
131357
131447
131448
131449
131450
131451
131452
131453
131454
131455
131456
131457
131458
131459
131460
131461
141348
141354
141447
141448
141449
141450
141451
141452
141453
141454
141455
141456
141457
141458
141459
141460
141461
