50826
50827
50828
50829
50830
50831
50832
50925
50926
50927
50928
50929
50930
50931
50932
51025
51026
51027
51028
51029
51030
51031
51032
61220
61221
61222
61223
61224
61225
61226
61227
61228
61319
61320
61321
61322
61323
61324
61325
61326
61327
61328
61420
61421
61422
61423
61424
61425
61426
61427
61428
61519
61520
61521
61522
61523
61524
61525
61526
61527
61528
71717
71718
71719
71720
71721
71722
71723
71724
71725
71726
71727
71817
71818
71819
71820
71821
71822
71823
71824
71825
71826
71827
71917
71918
71919
71920
71921
71922
71923
71924
71925
71926
71927
72017
72018
72019
72020
72021
72022
72023
72024
72025
72026
72027
72117
72118
72119
72120
72121
72122
72123
72124
72125
72126
72127
82406
82407
82408
82409
82410
82411
82412
82506
82507
82508
82509
82510
82511
82512
82606
82607
82608
82609
82610
82611
82612
82706
82707
82708
82709
82710
82711
82712
82806
82807
82808
82809
82810
82811
82812
82906
82907
82908
82909
82910
82911
82912
83006
83007
83008
83009
83010
83011
83012
93104
93105
93106
93107
93108
93109
93110
93111
93112
93204
93205
93206
93207
93208
93209
93210
93211
93212
93304
93305
93306
93307
93308
93309
93310
93311
93312
93404
93405
93406
93407
93408
93409
93410
93411
93412
93504
93505
93506
93507
93508
93509
93510
93511
93512
93604
93605
93606
93607
93608
93609
93610
93611
93612
93704
93705
93706
93707
93708
93709
93710
93711
93712
93804
93805
93806
93807
93808
93809
93810
93811
93812
93904
93905
93906
93907
93908
93909
93910
93911
93912
94004
94007
94008
94009
94010
94011
103802
103803
103804
103805
103806
103807
103808
103809
103810
103811
103812
103902
103903
103904
103905
103906
103907
103908
103909
103910
103911
103912
104002
104003
104004
104005
104006
104007
104008
104009
104010
104011
104012
104102
104103
104104
104105
104106
104107
104108
104109
104110
104111
104112
104202
104203
104204
104205
104206
104207
104208
104209
104210
104211
104212
104302
104303
104304
104305
104306
104307
104308
104309
104310
104311
104312
104402
104403
104404
104405
104406
104407
104408
104409
104410
104411
104412
104502
104503
104504
104505
104506
104507
104508
104509
104510
104511
104512
104602
104603
104604
104605
104606
104607
104608
104609
104610
104611
104612
104702
104703
104704
104705
104706
104707
104708
104709
104710
104711
104712
104802
104803
104804
104805
104806
104807
104808
104809
104810
104811
104812
104902
104903
104904
104905
104906
104907
104908
104909
104910
104911
104912
