50819
50820
50821
50822
50823
50824
50825
50826
50827
50828
50918
50919
50920
50921
50922
50923
50924
50925
50926
50927
51019
51020
51021
51022
51023
51024
51025
51026
51027
51028
61210
61211
61212
61213
61214
61215
61216
61217
61218
61219
61220
61221
61309
61310
61311
61312
61313
61314
61315
61316
61317
61318
61319
61320
61321
61410
61411
61412
61413
61414
61415
61416
61417
61418
61419
61420
61421
61509
61510
61511
61512
61513
61514
61515
61516
61517
61518
61519
61520
61521
71702
71703
71704
71705
71706
71707
71708
71709
71710
71711
71712
71713
71714
71715
71716
71717
71803
71804
71805
71806
71807
71808
71809
71810
71811
71812
71813
71814
71815
71816
71817
71818
71902
71903
71904
71905
71906
71907
71908
71909
71910
71911
71912
71913
71914
71915
71916
71917
72003
72004
72005
72006
72007
72008
72009
72010
72011
72012
72013
72014
72015
72016
72017
72018
72102
72103
72104
72105
72106
72107
72108
72109
72110
72111
72112
72113
72114
72115
72116
72117
82400
82401
82402
82403
82404
82405
82406
82500
82501
82502
82503
82504
82505
82506
82600
82601
82602
82603
82604
82605
82606
82700
82701
82702
82703
82704
82705
82706
82800
82801
82802
82803
82804
82805
82806
82900
82901
82902
82903
82904
82905
82906
83000
83001
83002
83003
83004
83005
83006
93100
93101
93102
93103
93104
93200
93201
93202
93203
93204
93205
93300
93301
93302
93303
93304
93400
93401
93402
93403
93404
93405
93500
93501
93502
93503
93504
93505
93600
93601
93602
93603
93604
93605
93700
93701
93702
93703
93704
93800
93801
93802
93803
93804
93805
93900
93901
93902
93903
93904
103800
103801
103802
103803
103900
103901
103902
103903
104000
104001
104002
104003
104100
104101
104102
104103
104200
104201
104202
104203
104300
104301
104302
104303
104400
104401
104402
104403
104500
104501
104502
104503
104600
104601
104602
104603
104700
104701
104702
104703
104800
104801
104802
104803
104900
104901
104903
180926
180927
180928
180929
180930
180931
180932
180933
181028
181029
181030
181031
181032
181033
181034
181035
181132
181133
181134
181135
181136
181137
181138
181139
181140
181234
181235
181236
181237
181238
181239
181240
181241
181242
181243
181338
181339
181340
181341
181342
181343
181344
181345
181346
181347
181348
181440
181441
181442
181443
181444
181445
181446
181447
181448
181449
181450
181451
191028
191029
191030
191031
191032
191033
191034
191035
191132
191133
191134
191135
191136
191137
191138
191139
191140
191141
191234
191235
191236
191237
191238
191239
191240
191241
191242
191243
191338
191339
191340
191341
191342
191343
191344
191345
191346
191347
191348
191440
191441
191442
191443
191444
191445
191446
191447
191448
191449
191450
191451
201234
201235
201236
201237
201238
201239
201240
201241
201242
201243
201338
201339
201340
201341
201342
201343
201344
201345
201346
201347
201348
201440
201441
201442
201443
201444
201445
201446
201447
201448
201449
201450
201451
211440
211441
211442
211443
211444
211445
211446
211447
211448
211449
211450
211451
