50241
50242
50243
50244
50245
50246
50247
50248
50249
50250
50251
50252
50253
50254
50255
50256
50257
50258
50259
50260
50342
50343
50344
50345
50346
50347
50348
50349
50350
50351
50352
50353
50354
50355
50356
50357
50358
50359
50360
50361
50362
50441
50442
50443
50444
50445
50446
50447
50448
50449
50450
50451
50452
50453
50454
50455
50456
50457
50458
50459
50460
60344
60345
60346
60347
60348
60349
60350
60351
60352
60353
60354
60443
60444
60445
60446
60447
60448
60449
60450
60451
60452
60453
60454
60544
60545
60546
60547
60548
60549
60550
60551
60552
60553
60554
60643
60644
60645
60646
60647
60648
60649
60650
60651
60652
60653
60654
70450
70451
70452
70453
70551
70552
70553
70650
70651
70652
70653
70751
70752
70753
70850
70851
70852
70853
70952
70953
110001
110002
110003
110004
110102
110103
110104
110105
110202
110203
110204
110205
110206
110302
110303
110304
110305
110306
110403
110404
110405
110406
110407
110503
110504
110505
110506
110507
110508
110603
110604
110605
110606
110607
110608
110704
110705
110706
110707
110708
110709
110804
110805
110806
110807
110808
110809
110906
110907
110908
110909
110910
110911
110912
120202
120203
120204
120205
120206
120302
120303
120304
120305
120306
120403
120404
120405
120406
120407
120503
120504
120505
120506
120507
120508
120603
120604
120605
120606
120607
120608
120704
120705
120706
120707
120708
120709
120804
120805
120806
120807
120808
120809
120905
120906
120907
120908
120909
120910
120911
120912
121006
121007
121008
121009
121010
121011
121012
121013
121112
130304
130403
130404
130405
130406
130407
130503
130504
130505
130506
130507
130508
130603
130604
130605
130606
130607
130608
130704
130705
130706
130707
130708
130709
130804
130805
130806
130807
130808
130809
130905
130906
130907
130908
130909
130910
130911
130912
131006
131007
131008
131009
131010
131011
131012
131013
131107
131108
131109
131110
131111
131112
131113
131114
131115
131207
131208
131209
131210
131211
131212
131213
131214
131215
131216
140603
140604
140605
140606
140607
140608
140704
140705
140706
140707
140708
140709
140804
140805
140806
140807
140808
140809
140905
140906
140907
140908
140909
140910
140911
140912
141006
141007
141008
141009
141010
141011
141012
141013
141107
141108
141109
141110
141111
141112
141113
141114
141115
141207
141208
141209
141210
141211
141212
141213
141214
141215
141216
141217
141308
141309
141310
141311
141312
141313
141314
141315
141316
141317
141318
141319
141408
141409
141410
141411
141412
141413
141414
141415
141416
141417
141418
141419
141420
150804
150805
150806
150807
150808
150809
150905
150906
150907
150908
150909
150910
150911
150912
151006
151007
151008
151009
151010
151011
151012
151013
151107
151108
151109
151110
151111
151112
151113
151114
151115
151207
151208
151209
151210
151211
151212
151213
151214
151215
151216
151217
151308
151309
151310
151311
151312
151313
151314
151315
151316
151317
151318
151319
151408
151409
151410
151411
151412
151413
151414
151415
151416
151417
151418
151419
151420
