50034
50035
50036
50037
50038
50039
50040
50041
50042
50043
50044
50134
50135
50136
50137
50138
50139
50140
50141
50142
50143
50144
50145
50234
50235
50236
50237
50238
50239
50240
50241
50242
50243
50244
60033
60034
60035
60036
60037
60038
60039
60040
60041
60042
60043
60044
60133
60134
60135
60136
60137
60138
60139
60140
60141
60142
60143
60144
60145
60146
60233
60234
60235
60236
60237
60238
60239
60240
60241
60242
60243
60244
60245
60333
60334
60335
60336
60337
60338
60339
60340
60341
60342
60343
60344
60345
60346
70035
70036
70037
70038
70039
70040
70041
70042
70043
70044
70045
70046
70047
70048
70049
70050
70051
70136
70137
70138
70139
70140
70141
70142
70143
70144
70145
70146
70147
70148
70149
70150
70151
70152
70235
70236
70237
70238
70239
70240
70241
70242
70243
70244
70245
70246
70247
70248
70249
70250
70251
70336
70337
70338
70339
70340
70341
70342
70343
70344
70345
70346
70347
70348
70349
70350
70351
70352
70436
70437
70438
70439
70440
70441
70442
70443
70444
70445
70446
70447
70448
70449
70450
70451
80017
80018
80019
80020
80021
80022
80023
80117
80118
80119
80120
80121
80122
80123
80217
80218
80219
80220
80221
80222
80223
80317
80318
80319
80320
80321
80322
80323
80417
80418
80419
80420
80421
80422
80423
80517
80518
80519
80520
80521
80522
80523
80617
80618
80619
80620
80621
80622
80623
90018
90019
90020
90021
90022
90023
90118
90119
90120
90121
90122
90123
90218
90219
90220
90221
90222
90223
90318
90319
90320
90321
90322
90323
90418
90419
90420
90421
90422
90423
90518
90519
90520
90521
90522
90523
90618
90619
90620
90621
90622
90623
90718
90719
90720
90721
90722
90723
90818
90819
90820
90821
90822
90823
96122
96123
100020
100021
100022
100023
100120
100121
100122
100123
100219
100220
100221
100222
100223
100320
100321
100322
100323
100419
100420
100421
100422
100423
100520
100521
100522
100523
100620
100621
100622
100623
100720
100721
100722
100723
100820
100821
100822
100823
100920
100921
100922
100923
101020
101021
101022
101023
101120
101121
107520
107521
107522
107523
110900
110901
110902
110903
110904
110905
110906
110951
111000
111001
111002
111003
111004
111005
111006
111055
111100
111101
111102
111103
111104
111105
111106
111107
111108
111163
111200
111201
111202
111203
111204
111205
111206
111207
111208
111266
111267
111300
111301
111302
111303
111304
111305
111306
111307
111308
111309
111374
111375
111400
111401
111402
111403
111404
111405
111406
111407
111408
111409
111410
111478
111479
121000
121001
121002
121003
121004
121005
121006
121055
121100
121101
121102
121103
121104
121105
121106
121107
121163
121200
121201
121202
121203
121204
121205
121206
121207
121208
121267
121300
121301
121302
121303
121304
121305
121306
121307
121308
121309
121310
121374
121375
121400
121401
121402
121403
121404
121405
121406
121407
121408
121409
121410
121478
121479
131200
131201
131202
131203
131204
131205
131206
131207
131208
131267
131300
131301
131302
131303
131304
131305
131306
131307
131308
131309
131374
131375
131400
131401
131402
131403
131404
131405
131406
131407
131408
131409
131410
131478
131479
141400
141401
141402
141403
141404
141405
141406
141407
141408
141409
141410
141478
141479
