50830
50831
50832
50833
50834
50835
50836
50930
50931
50932
50933
50934
50935
50936
50937
51030
51031
51032
51033
51034
51035
51036
61226
61227
61228
61229
61230
61231
61232
61233
61234
61326
61327
61328
61329
61330
61331
61332
61333
61334
61335
61426
61427
61428
61429
61430
61431
61432
61433
61434
61526
61527
61528
61529
61530
61531
61532
61533
61534
71726
71727
71728
71729
71730
71731
71732
71733
71734
71735
71736
71826
71827
71828
71829
71830
71831
71832
71833
71834
71835
71836
71926
71927
71928
71929
71930
71931
71932
71933
71934
71935
71936
72026
72027
72028
72029
72030
72031
72032
72033
72034
72035
72036
72126
72127
72128
72129
72130
72131
72132
72133
72134
72135
72136
82411
82412
82413
82414
82415
82416
82417
82511
82512
82513
82514
82515
82516
82517
82611
82612
82613
82614
82615
82616
82617
82711
82712
82713
82714
82715
82716
82717
82811
82812
82813
82814
82815
82816
82817
82911
82912
82913
82914
82915
82916
82917
83011
83012
83013
83014
83015
83016
83017
93111
93112
93113
93114
93115
93116
93117
93118
93119
93211
93212
93213
93214
93215
93216
93217
93218
93219
93311
93312
93313
93314
93315
93316
93317
93318
93319
93411
93412
93413
93414
93415
93416
93417
93418
93419
93511
93512
93513
93514
93515
93516
93517
93518
93519
93611
93612
93613
93614
93615
93616
93617
93618
93619
93711
93712
93713
93714
93715
93716
93717
93718
93719
93811
93812
93813
93814
93815
93816
93817
93818
93819
93911
93912
93913
93914
93915
93916
93917
93918
93919
94012
94013
94014
94015
94016
94017
94018
103811
103812
103813
103814
103815
103816
103817
103818
103819
103820
103821
103911
103912
103913
103914
103915
103916
103917
103918
103919
103920
103921
104011
104012
104013
104014
104015
104016
104017
104018
104019
104020
104021
104111
104112
104113
104114
104115
104116
104117
104118
104119
104120
104121
104211
104212
104213
104214
104215
104216
104217
104218
104219
104220
104221
104311
104312
104313
104314
104315
104316
104317
104318
104319
104320
104321
104411
104412
104413
104414
104415
104416
104417
104418
104419
104420
104421
104511
104512
104513
104514
104515
104516
104517
104518
104519
104520
104521
104611
104612
104613
104614
104615
104616
104617
104618
104619
104620
104621
104711
104712
104713
104714
104715
104716
104717
104718
104719
104720
104721
104811
104812
104813
104814
104815
104816
104817
104818
104819
104820
104821
104911
104912
104913
104914
104915
104916
104917
104918
104919
104920
104921
