50234
50235
50236
50237
50238
50239
50240
50241
50242
50243
50335
50336
50337
50338
50339
50340
50341
50342
50343
50344
50434
50435
50436
50437
50438
50439
50440
50441
50442
50443
60333
60334
60335
60336
60337
60338
60339
60340
60341
60342
60343
60344
60345
60433
60434
60435
60436
60437
60438
60439
60440
60441
60442
60443
60444
60533
60534
60535
60536
60537
60538
60539
60540
60541
60542
60543
60544
60545
60633
60634
60635
60636
60637
60638
60639
60640
60641
60642
60643
60644
70436
70437
70438
70439
70440
70441
70442
70443
70444
70445
70446
70447
70448
70449
70450
70451
70536
70537
70538
70539
70540
70541
70542
70543
70544
70545
70546
70547
70548
70549
70550
70551
70552
70635
70636
70637
70638
70639
70640
70641
70642
70643
70644
70645
70646
70647
70648
70649
70650
70651
70736
70737
70738
70739
70740
70741
70742
70743
70744
70745
70746
70747
70748
70749
70750
70751
70752
70836
70837
70838
70839
70840
70841
70842
70843
70844
70845
70846
70847
70848
70849
70850
70851
70936
70937
70938
70939
70940
70941
70942
70943
70944
70945
70946
70947
70948
70950
70951
80617
80618
80619
80620
80621
80622
80623
80717
80718
80719
80720
80721
80722
80723
80817
80818
80819
80820
80821
80822
80823
80917
80918
80919
80920
80921
80922
80923
81017
81018
81019
81020
81021
81022
81023
81117
81118
81119
81120
81121
81122
81123
81217
81218
81219
81220
81221
81222
81223
90719
90720
90721
90722
90723
90818
90819
90820
90821
90822
90823
90919
90920
90921
90922
90923
91018
91019
91020
91021
91022
91023
91119
91120
91121
91122
91123
91218
91219
91220
91221
91222
91223
91318
91319
91320
91321
91322
91323
91418
91419
91420
91421
91422
91423
91518
91519
91520
91521
91522
91523
91618
91619
91620
91621
91622
91623
100821
100822
100920
100921
100922
100923
101020
101021
101022
101023
101120
101121
101122
101123
101220
101221
101222
101223
101320
101321
101322
101323
101420
101421
101422
101423
101520
101521
101522
101523
101620
101621
101622
101623
101720
101721
101722
101723
101820
101821
101822
101823
101920
101921
101922
101923
102020
102021
102022
102023
110905
110906
110907
110908
110909
110910
110911
110912
111006
111007
111008
111009
111010
111011
111012
111013
111106
111107
111108
111109
111110
111111
111112
111113
111114
111115
111207
111208
111209
111210
111211
111212
111213
111214
111215
111216
111217
111308
111309
111310
111311
111312
111313
111314
111315
111316
111317
111318
111319
111408
111409
111410
111411
111412
111413
111414
111415
111416
111417
111418
111419
111420
121006
121007
121008
121009
121010
121011
121012
121013
121106
121107
121108
121109
121110
121111
121112
121113
121114
121115
121207
121208
121209
121210
121211
121212
121213
121214
121215
121216
121217
121308
121309
121310
121311
121312
121313
121314
121315
121316
121317
121318
121319
121408
121409
121410
121411
121412
121413
121414
121415
121416
121417
121418
121419
121420
131207
131208
131209
131210
131211
131212
131213
131214
131215
131216
131217
131308
131309
131310
131311
131312
131313
131314
131315
131316
131317
131318
131319
131408
131409
131410
131411
131412
131413
131414
131415
131416
131417
131418
131419
131420
141408
141409
141410
141411
141412
141413
141414
141415
141416
141417
141418
141419
141420
