50018
50019
50020
50021
50022
50023
50024
50025
50026
50027
50028
50029
51418
51419
51420
51421
51422
51423
51424
51425
51426
51427
51428
51429
51517
51518
51519
51520
51521
51522
51523
51524
51525
51526
51527
51528
60009
60010
60011
60012
60013
60014
60015
60016
60017
60018
60019
60020
60021
60022
62108
62109
62110
62111
62112
62113
62114
62115
62116
62117
62118
62119
62120
62121
62209
62210
62211
62212
62213
62214
62215
62216
62217
62218
62219
62220
62221
62222
62308
62309
62310
62311
62312
62313
62314
62315
62316
62317
62318
62319
62320
62321
70002
70003
70004
70005
70006
70007
70008
70009
70010
70011
70012
70013
70014
70015
70016
70017
70018
73003
73004
73005
73006
73007
73008
73009
73010
73011
73012
73013
73014
73015
73016
73017
73018
73102
73103
73104
73105
73106
73107
73108
73109
73110
73111
73112
73113
73114
73115
73116
73117
73203
73204
73205
73206
73207
73208
73209
73210
73211
73212
73213
73214
73215
73216
73217
73218
73302
73303
73304
73305
73306
73307
73308
73309
73310
73311
73312
73313
73314
73315
73316
73317
80000
80001
80002
80003
80004
80005
80006
84200
84201
84202
84203
84204
84205
84206
84300
84301
84302
84303
84304
84305
84306
84400
84401
84402
84403
84404
84405
84406
84500
84501
84502
84503
84504
84505
84506
84600
84601
84602
84603
84604
84605
84606
84700
84701
84702
84703
84704
84705
84706
90000
90001
90002
90003
90004
90005
90100
90101
95400
95401
95402
95403
95404
95405
95500
95501
95502
95503
95504
95505
95600
95601
95602
95603
95604
95605
95700
95701
95702
95703
95704
95800
95801
95802
95803
95804
95805
95900
95901
95902
95903
95904
95905
96000
96001
96002
96003
96004
96005
96100
96101
96102
96103
96104
96105
100000
100001
100002
100003
100004
100100
100101
100102
100103
106501
106502
106600
106601
106602
106603
106700
106701
106702
106703
106800
106801
106802
106803
106804
106900
106901
106902
106903
107000
107001
107002
107003
107004
107100
107101
107102
107103
107200
107201
107202
107203
107300
107301
107302
107303
107400
107401
107402
107403
107404
107500
107501
107502
107503
180900
180945
180946
180947
180948
180949
180950
180951
181000
181049
181050
181051
181052
181053
181054
181055
181100
181156
181157
181158
181159
181160
181161
181162
181163
181200
181259
181260
181261
181262
181263
181264
181265
181266
181267
181300
181301
181366
181367
181368
181369
181370
181371
181372
181373
181374
181375
181400
181401
181469
181470
181471
181472
181473
181474
181475
181476
181477
181478
181479
191000
191049
191050
191051
191052
191053
191054
191055
191100
191101
191155
191156
191157
191158
191159
191160
191161
191162
191163
191200
191259
191260
191261
191262
191263
191264
191265
191266
191267
191300
191301
191366
191367
191368
191369
191370
191371
191372
191373
191374
191375
191400
191401
191469
191470
191471
191472
191473
191474
191475
191476
191477
191478
191479
201200
201201
201259
201260
201261
201262
201263
201264
201265
201266
201267
201300
201301
201365
201366
201367
201368
201369
201370
201371
201372
201373
201374
201375
201400
201401
201469
201470
201471
201472
201473
201474
201475
201476
201477
201478
201479
211373
211400
211401
211469
211470
211471
211472
211473
211474
211475
211476
211477
211478
211479
