50834
50835
50836
50837
50838
50839
50840
50841
50842
50843
50844
50934
50935
50936
50937
50938
50939
50940
50941
50942
50943
50944
50945
51034
51035
51036
51037
51038
51039
51040
51041
51042
51043
51044
61233
61234
61235
61236
61237
61238
61239
61240
61241
61242
61243
61244
61245
61333
61334
61335
61336
61337
61338
61339
61340
61341
61342
61343
61344
61345
61346
61433
61434
61435
61436
61437
61438
61439
61440
61441
61442
61443
61444
61445
61533
61534
61535
61536
61537
61538
61539
61540
61541
61542
61543
61544
61545
61546
71736
71737
71738
71739
71740
71741
71742
71743
71744
71745
71746
71747
71748
71749
71750
71751
71752
71835
71836
71837
71838
71839
71840
71841
71842
71843
71844
71845
71846
71847
71848
71849
71850
71851
71936
71937
71938
71939
71940
71941
71942
71943
71944
71945
71946
71947
71948
71949
71950
71951
71952
72035
72036
72037
72038
72039
72040
72041
72042
72043
72044
72045
72046
72047
72048
72049
72050
72051
72136
72137
72138
72139
72140
72141
72142
72143
72144
72145
72146
72147
72148
72149
72150
72151
72152
82417
82418
82419
82420
82421
82422
82423
82517
82518
82519
82520
82521
82522
82523
82617
82618
82619
82620
82621
82622
82623
82717
82718
82719
82720
82721
82722
82723
82817
82818
82819
82820
82821
82822
82823
82917
82918
82919
82920
82921
82922
82923
83017
83018
83019
83020
83021
83022
83023
93118
93119
93120
93121
93122
93123
93218
93219
93220
93221
93222
93223
93318
93319
93320
93321
93322
93323
93418
93419
93420
93421
93422
93423
93518
93519
93520
93521
93522
93523
93618
93619
93620
93621
93622
93623
93718
93719
93720
93721
93722
93723
93818
93819
93820
93821
93822
93823
93918
93919
93920
93921
93922
93923
94020
94021
94022
94023
103820
103821
103822
103823
103920
103921
103922
103923
104020
104021
104022
104023
104120
104121
104122
104123
104219
104220
104221
104222
104223
104320
104321
104322
104323
104420
104421
104422
104423
104520
104521
104522
104523
104619
104620
104621
104622
104623
104720
104721
104722
104723
104820
104821
104822
104823
104920
104921
104922
104923
110925
110926
110927
110928
110929
110930
110931
110932
111027
111028
111029
111030
111031
111032
111033
111034
111131
111132
111133
111134
111135
111136
111137
111138
111139
111140
111233
111234
111235
111236
111237
111238
111239
111240
111241
111242
111243
111337
111338
111339
111340
111341
111342
111343
111344
111345
111346
111347
111348
111439
111440
111441
111442
111443
111444
111445
111446
111447
111448
111449
111450
111451
121027
121028
121029
121030
121031
121032
121033
121034
121131
121132
121133
121134
121135
121136
121137
121138
121139
121140
121233
121234
121235
121236
121237
121238
121239
121240
121241
121242
121243
121337
121338
121339
121340
121341
121342
121343
121344
121345
121346
121347
121348
121439
121440
121441
121442
121443
121444
121445
121446
121447
121448
121449
121450
121451
131233
131234
131235
131236
131237
131238
131239
131240
131241
131242
131337
131338
131339
131340
131341
131342
131343
131344
131345
131346
131347
131348
131439
131440
131441
131442
131443
131444
131445
131446
131447
131448
131449
131450
131451
141439
141440
141441
141442
141443
141444
141445
141446
141447
141448
141449
141450
141451
