50231
50232
50233
50234
50235
50331
50332
50333
50334
50335
50336
50431
50432
50433
50434
50435
60328
60329
60330
60331
60332
60333
60427
60428
60429
60430
60431
60432
60433
60527
60528
60529
60530
60531
60532
60533
60627
60628
60629
60630
60631
60632
60633
70428
70429
70431
70435
70527
70528
70529
70530
70531
70532
70533
70534
70535
70536
70627
70628
70629
70630
70631
70632
70633
70634
70635
70727
70728
70729
70730
70731
70732
70733
70734
70735
70736
70827
70828
70829
70830
70831
70832
70833
70834
70835
80612
80613
80614
80615
80616
80712
80713
80714
80715
80716
80717
80812
80813
80814
80815
80816
80912
80913
80914
80915
80916
80917
81012
81013
81014
81015
81016
81112
81113
81114
81115
81116
81117
81212
81213
81214
81215
81216
90812
90813
90814
90815
90816
90817
90818
90912
90913
90914
90915
90916
90917
90918
90919
91012
91013
91014
91015
91016
91017
91018
91112
91113
91114
91115
91116
91117
91118
91119
91212
91213
91214
91215
91216
91217
91218
91312
91313
91314
91315
91316
91317
91318
91319
91412
91413
91414
91415
91416
91417
91418
91512
91513
91514
91515
91516
91517
91518
91519
100912
100913
100914
100915
100916
101012
101013
101014
101015
101016
101017
101018
101019
101020
101112
101113
101114
101115
101116
101117
101118
101119
101120
101212
101213
101214
101215
101216
101217
101218
101219
101220
101312
101313
101314
101315
101316
101317
101318
101319
101320
101412
101413
101414
101415
101416
101417
101418
101419
101420
101512
101513
101514
101515
101516
101517
101518
101519
101520
101612
101613
101614
101615
101616
101617
101618
101619
101620
101712
101713
101714
101715
101716
101717
101718
101719
101720
101812
101813
101814
101815
101816
101817
101818
101819
101820
101912
101913
101914
101915
101916
101917
101918
101919
101920
