51002
51003
51004
51005
51006
51007
51008
51009
51010
51011
51012
51013
51014
51015
51016
51017
51018
51019
51020
51021
51022
51100
51101
51102
51103
51104
51105
51106
51107
51108
51109
51110
51111
51112
51113
51114
51115
51116
51117
51118
51119
51120
51121
51202
51203
51204
51205
51206
51207
51208
51209
51210
51211
51212
51213
51214
51215
51216
51217
51218
51219
51220
51221
51222
61500
61501
61502
61503
61504
61505
61506
61507
61508
61509
61510
61511
61600
61601
61602
61603
61604
61605
61606
61607
61608
61609
61610
61611
61700
61701
61702
61703
61704
61705
61706
61707
61708
61709
61710
61800
61801
61802
61803
61804
61805
61806
61807
61808
61809
61810
61811
72100
72101
72102
72200
72201
72202
72203
72300
72301
72302
72400
72401
72402
72403
72500
72501
72502
72600
72601
72602
72603
180012
180013
180014
180015
180115
180116
180117
180118
180217
180218
180219
180220
180221
180317
180318
180319
180320
180321
180420
180421
180422
180423
180424
180523
180524
180525
180526
180527
180622
180623
180624
180625
180626
180627
180725
180726
180727
180728
180729
180730
180825
180826
180827
180828
180829
180830
180933
180934
180935
180936
180937
180938
180939
190217
190218
190219
190220
190221
190317
190318
190319
190320
190321
190420
190421
190422
190423
190424
190522
190523
190524
190525
190526
190527
190622
190623
190624
190625
190626
190627
190725
190726
190727
190728
190729
190730
190825
190826
190827
190828
190829
190830
190932
190933
190934
190935
190936
190937
190938
190939
191035
191036
191037
191038
191039
191040
191041
191042
191143
200319
200420
200421
200422
200423
200424
200522
200523
200524
200525
200526
200527
200622
200623
200624
200625
200626
200627
200725
200726
200727
200728
200729
200730
200825
200826
200827
200828
200829
200830
200932
200933
200934
200935
200936
200937
200938
200939
201035
201036
201037
201038
201039
201040
201041
201042
201139
201140
201141
201142
201143
201144
201145
201146
201147
201148
201242
201243
201244
201245
201246
201247
201248
201249
201250
201251
201252
210523
210622
210623
210624
210625
210626
210627
210725
210726
210727
210728
210729
210730
210825
210826
210827
210828
210829
210830
210932
210933
210934
210935
210936
210937
210938
210939
211035
211036
211037
211038
211039
211040
211041
211042
211140
211141
211142
211143
211144
211145
211146
211147
211148
211242
211243
211244
211245
211246
211247
211248
211249
211250
211251
211252
211347
211348
211349
211350
211351
211352
211353
211354
211355
211356
211357
211358
211449
211450
211451
211452
211453
211454
211455
211456
211457
211458
211459
211460
211461
220825
220826
220827
220828
220829
220830
220932
220933
220934
220935
220936
220937
220938
220939
221035
221036
221037
221038
221039
221040
221041
221042
221140
221141
221142
221143
221144
221145
221146
221147
221148
221242
221243
221244
221245
221246
221247
221248
221249
221250
221251
221252
221347
221348
221349
221350
221351
221352
221353
221354
221355
221356
221357
221358
221449
221450
221451
221452
221453
221454
221455
221456
221457
221458
221459
221460
221461
