50225
50226
50227
50228
50229
50230
50231
50232
50233
50325
50326
50327
50328
50329
50330
50331
50332
50333
50425
50426
50427
50428
50429
50430
50431
50432
60319
60320
60321
60322
60323
60324
60325
60326
60327
60328
60420
60421
60422
60423
60424
60425
60426
60427
60428
60519
60520
60521
60522
60523
60524
60525
60526
60527
60528
60620
60621
60622
60623
60624
60625
60626
60627
60628
70417
70418
70419
70420
70421
70422
70423
70424
70425
70426
70427
70517
70518
70519
70520
70521
70522
70523
70524
70525
70526
70527
70617
70618
70619
70620
70621
70622
70623
70624
70625
70626
70627
70717
70718
70719
70720
70721
70722
70723
70724
70725
70726
70727
70817
70818
70819
70820
70821
70822
70823
70824
70825
70826
70827
70917
70918
70919
70920
70921
70922
70923
70924
70925
70926
70927
80606
80607
80608
80609
80610
80611
80612
80706
80707
80708
80709
80710
80711
80712
80806
80807
80808
80809
80810
80811
80812
80906
80907
80908
80909
80910
80911
80912
81006
81007
81008
81009
81010
81011
81012
81106
81107
81108
81109
81110
81111
81112
81206
81207
81208
81209
81210
81211
81212
90704
90705
90706
90707
90708
90709
90710
90711
90712
90804
90805
90806
90807
90808
90809
90810
90811
90812
90904
90905
90906
90907
90908
90909
90910
90911
90912
91004
91005
91006
91007
91008
91009
91010
91011
91012
91104
91105
91106
91107
91108
91109
91110
91111
91112
91204
91205
91206
91207
91208
91209
91210
91211
91212
91304
91305
91306
91307
91308
91309
91310
91311
91312
91404
91405
91406
91407
91408
91409
91410
91411
91412
91504
91505
91506
91507
91508
91509
91510
91511
91512
91604
91605
91606
91607
91608
91609
91610
91611
91612
100802
100803
100804
100805
100806
100807
100808
100809
100810
100811
100812
100902
100903
100904
100905
100906
100907
100908
100909
100910
100911
100912
101002
101003
101004
101005
101006
101007
101008
101009
101010
101011
101012
101101
101102
101103
101104
101105
101106
101107
101108
101109
101110
101111
101112
101202
101203
101204
101205
101206
101207
101208
101209
101210
101211
101212
101301
101302
101303
101304
101305
101306
101307
101308
101309
101310
101311
101312
101402
101403
101404
101405
101406
101407
101408
101409
101410
101411
101412
101502
101503
101504
101505
101506
101507
101508
101509
101510
101511
101512
101602
101603
101604
101605
101606
101607
101608
101609
101610
101611
101612
101702
101703
101704
101705
101706
101707
101708
101709
101710
101711
101712
101802
101803
101804
101805
101806
101807
101808
101809
101810
101811
101812
101902
101903
101904
101905
101906
101907
101908
101909
101910
101911
101912
102002
102003
102004
102005
102006
102007
102008
102009
102010
102011
102012
102102
102103
102104
102105
102106
102107
102108
102109
102110
102111
