50034
50035
50036
50037
50038
50039
50040
50041
50042
50043
50044
51434
51435
51436
51437
51438
51439
51440
51441
51442
51443
51444
51534
51535
51536
51537
51538
51539
51540
51541
51542
51543
51544
51545
60033
60034
60035
60036
60037
60038
60039
60040
60041
60042
60043
60044
62133
62134
62135
62136
62137
62138
62139
62140
62141
62142
62143
62144
62145
62146
62232
62233
62234
62235
62236
62237
62238
62239
62240
62241
62242
62243
62244
62245
62333
62334
62335
62336
62337
62338
62339
62340
62341
62342
62343
62344
62345
70035
70036
70037
70038
70039
70040
70041
70042
70043
70044
70045
70046
70047
70048
70049
70050
70051
73035
73036
73037
73038
73039
73040
73041
73042
73043
73044
73045
73046
73047
73048
73049
73050
73051
73136
73137
73138
73139
73140
73141
73142
73143
73144
73145
73146
73147
73148
73149
73150
73151
73152
73235
73236
73237
73238
73239
73240
73241
73242
73243
73244
73245
73246
73247
73248
73249
73250
73251
73336
73337
73338
73339
73340
73341
73342
73343
73344
73345
73346
73347
73348
73349
73350
73351
73352
80017
80018
80019
80020
80021
80022
80023
84217
84218
84219
84220
84221
84222
84223
84317
84318
84319
84320
84321
84322
84323
84417
84418
84419
84420
84421
84422
84423
84517
84518
84519
84520
84521
84522
84523
84617
84618
84619
84620
84621
84622
84623
84717
84718
84719
84720
84721
84722
84723
90018
90019
90020
90021
90022
90023
90119
90120
90121
90122
90123
95319
95321
95322
95418
95419
95420
95421
95422
95423
95518
95519
95520
95521
95522
95523
95618
95619
95620
95621
95622
95623
95718
95719
95720
95721
95722
95723
95818
95819
95820
95821
95822
95823
95918
95919
95920
95921
95922
95923
96018
96019
96020
96021
96022
96023
96118
96119
96120
96121
96122
96123
100020
100021
100022
100023
100120
100121
100122
100123
100220
100221
100222
100223
106520
106521
106522
106523
106620
106621
106622
106623
106720
106721
106722
106723
106820
106821
106822
106823
106920
106921
106922
106923
107020
107021
107022
107023
107120
107121
107122
107123
107220
107221
107222
107223
107320
107321
107322
107323
107420
107421
107422
107423
107520
107521
107522
107523
110944
110945
110946
110947
110948
110949
110950
110951
111048
111049
111050
111051
111052
111053
111054
111055
111100
111154
111155
111156
111157
111158
111159
111160
111161
111162
111163
111200
111258
111259
111260
111261
111262
111263
111264
111265
111266
111267
111300
111364
111365
111366
111367
111368
111369
111370
111371
111372
111373
111374
111375
111400
111401
111467
111468
111469
111470
111471
111472
111473
111474
111475
111476
111477
111478
111479
121048
121049
121050
121051
121052
121053
121054
121055
121100
121154
121155
121156
121157
121158
121159
121160
121161
121162
121163
121200
121258
121259
121260
121261
121262
121263
121264
121265
121266
121267
121300
121364
121365
121366
121367
121368
121369
121370
121371
121372
121373
121374
121375
121400
121401
121467
121468
121469
121470
121471
121472
121473
121474
121475
121476
121477
121478
121479
131200
131257
131258
131259
131260
131261
131262
131263
131264
131265
131266
131267
131300
131364
131365
131366
131367
131368
131369
131370
131371
131372
131373
131374
131375
131400
131401
131467
131468
131469
131470
131471
131472
131473
131474
131475
131476
131477
131478
131479
141400
141467
141468
141469
141470
141471
141472
141473
141474
141475
141476
141477
141478
141479
