51040
51041
51042
51043
51044
51045
51046
51047
51048
51049
51050
51051
51052
51053
51054
51055
51056
51057
51058
51059
51060
51141
51142
51143
51144
51145
51146
51147
51148
51149
51150
51151
51152
51153
51154
51155
51156
51157
51158
51159
51160
51161
51162
51241
51242
51243
51244
51245
51246
51247
51248
51249
51250
51251
51252
51253
51254
51255
51256
51257
51258
51259
51260
61544
61545
61546
61547
61548
61549
61550
61551
61552
61553
61554
61642
61643
61644
61645
61646
61647
61648
61649
61650
61651
61652
61653
61654
61744
61745
61746
61747
61748
61749
61750
61751
61752
61753
61754
61843
61844
61845
61846
61847
61848
61849
61850
61851
61852
61853
61854
72151
72152
72153
72250
72251
72252
72253
72351
72352
72353
72450
72451
72452
72453
72551
72552
72553
72651
72652
72653
110011
110012
110013
110014
110114
110115
110116
110117
110216
110217
110218
110219
110220
110316
110317
110318
110319
110320
110419
110420
110421
110422
110423
110521
110522
110523
110524
110525
110526
110621
110622
110623
110624
110625
110626
110724
110725
110726
110727
110728
110729
110824
110825
110826
110827
110828
110829
110932
110933
110934
110935
110936
110937
110938
120216
120217
120218
120219
120220
120316
120317
120318
120319
120320
120419
120420
120421
120422
120423
120521
120522
120523
120524
120525
120526
120621
120622
120623
120624
120625
120626
120724
120725
120726
120727
120728
120729
120824
120825
120826
120827
120828
120829
120931
120932
120933
120934
120935
120936
120937
120938
121034
121035
121036
121037
121038
121039
121040
121041
121144
130318
130419
130420
130421
130422
130423
130521
130522
130523
130524
130525
130526
130621
130622
130623
130624
130625
130626
130724
130725
130726
130727
130728
130729
130824
130825
130826
130827
130828
130829
130931
130932
130933
130934
130935
130936
130937
130938
131034
131035
131036
131037
131038
131039
131040
131041
131138
131139
131140
131141
131142
131143
131144
131145
131146
131147
131148
131241
131242
131243
131244
131245
131246
131247
131248
131249
131250
131251
131352
140621
140622
140623
140624
140625
140626
140724
140725
140726
140727
140728
140729
140824
140825
140826
140827
140828
140829
140931
140932
140933
140934
140935
140936
140937
140938
141034
141035
141036
141037
141038
141039
141040
141041
141138
141139
141140
141141
141142
141143
141144
141145
141146
141147
141148
141240
141241
141242
141243
141244
141245
141246
141247
141248
141249
141250
141251
141345
141346
141347
141348
141349
141350
141351
141352
141353
141354
141355
141356
141357
141447
141448
141449
141450
141451
141452
141453
141454
141455
141456
141457
141458
141459
141460
141461
150824
150825
150826
150827
150828
150829
150931
150932
150933
150934
150935
150936
150937
150938
151034
151035
151036
151037
151038
151039
151040
151041
151138
151139
151140
151141
151142
151143
151144
151145
151146
151147
151148
151241
151242
151243
151244
151245
151246
151247
151248
151249
151250
151251
151345
151346
151347
151348
151349
151350
151351
151352
151353
151354
151355
151356
151357
151447
151448
151449
151450
151451
151452
151453
151454
151455
151456
151457
151458
151459
151460
151461
