50603
50604
50605
50606
50607
50608
50609
50610
50611
50612
50613
50614
50615
50616
50617
50618
50619
50620
50621
50700
50701
50702
50703
50704
50705
50706
50707
50708
50709
50710
50711
50712
50713
50714
50715
50716
50717
50718
50719
50720
50721
50802
50803
50804
50805
50806
50807
50808
50809
50810
50811
50812
50813
50814
50815
50816
50817
50818
50819
50820
50821
50822
60900
60901
60902
60903
60904
60905
60906
60907
60908
60909
60910
61000
61001
61002
61003
61004
61005
61006
61007
61008
61009
61010
61011
61100
61101
61102
61103
61104
61105
61106
61107
61108
61109
61110
61200
61201
61202
61203
61204
61205
61206
61207
61208
61209
61210
61211
71300
71301
71302
71400
71401
71402
71403
71500
71501
71502
71600
71601
71602
71603
71700
71701
71702
180008
180009
180010
180109
180110
180111
180112
180210
180211
180212
180213
180214
180310
180311
180312
180313
180314
180412
180413
180414
180415
180416
180513
180514
180515
180516
180517
180518
180613
180614
180615
180616
180617
180618
180715
180716
180717
180718
180719
180720
180815
180816
180817
180818
180819
180820
180919
180920
180921
180922
180923
180924
180925
180926
190210
190211
190212
190213
190214
190310
190311
190312
190313
190314
190412
190413
190414
190415
190416
190513
190514
190515
190516
190517
190518
190613
190614
190615
190616
190617
190618
190715
190716
190717
190718
190719
190720
190815
190816
190817
190818
190819
190820
190919
190920
190921
190922
190923
190924
190925
190926
191021
191022
191023
191024
191025
191026
191027
191028
191127
191129
191131
200311
200313
200412
200413
200414
200415
200416
200513
200514
200515
200516
200517
200518
200613
200614
200615
200616
200617
200618
200715
200716
200717
200718
200719
200720
200815
200816
200817
200818
200819
200820
200919
200920
200921
200922
200923
200924
200925
200926
201021
201022
201023
201024
201025
201026
201027
201028
201123
201124
201125
201126
201127
201128
201129
201130
201131
201132
201225
201226
201227
201228
201229
201230
201231
201232
201233
201234
210517
210613
210614
210615
210616
210617
210618
210715
210716
210717
210718
210719
210720
210815
210816
210817
210818
210819
210820
210919
210920
210921
210922
210923
210924
210925
210926
211021
211022
211023
211024
211025
211026
211027
211028
211123
211124
211125
211126
211127
211128
211129
211130
211131
211132
211225
211226
211227
211228
211229
211230
211231
211232
211233
211234
211328
211329
211330
211331
211332
211333
211334
211335
211336
211337
211338
211429
211430
211431
211432
211433
211434
211435
211436
211437
211438
211439
211440
220815
220816
220817
220818
220819
220820
220919
220920
220921
220922
220923
220924
220925
220926
221021
221022
221023
221024
221025
221026
221027
221028
221124
221125
221126
221127
221128
221129
221130
221131
221132
221225
221226
221227
221228
221229
221230
221231
221232
221233
221234
221328
221329
221330
221331
221332
221333
221334
221335
221336
221337
221338
221429
221430
221431
221432
221433
221434
221435
221436
221437
221438
221439
221440
