50002
50003
50004
50005
50006
50007
50008
50009
50010
50011
50012
50013
50014
50015
50016
50017
50018
50019
50020
50021
50022
51402
51403
51404
51405
51406
51407
51408
51409
51410
51411
51412
51413
51414
51415
51416
51417
51418
51419
51420
51421
51422
51500
51501
51502
51503
51504
51505
51506
51507
51508
51509
51510
51511
51512
51513
51514
51515
51516
51517
51518
51519
51520
51521
60000
60001
60002
60003
60004
60005
60006
60007
60008
60009
60010
60011
62100
62101
62102
62103
62104
62105
62106
62107
62108
62109
62110
62200
62201
62202
62203
62204
62205
62206
62207
62208
62209
62210
62211
62300
62301
62302
62303
62304
62305
62306
62307
62308
62309
62310
62311
70000
70001
70002
70003
73000
73001
73002
73003
73100
73101
73102
73200
73201
73202
73203
73300
73301
73302
180000
180017
180018
180019
180100
180121
180122
180123
180200
180224
180225
180226
180227
180300
180324
180325
180326
180327
180400
180428
180429
180430
180431
180500
180531
180532
180533
180534
180535
180600
180631
180632
180633
180634
180635
180700
180735
180736
180737
180738
180739
180800
180835
180836
180837
180838
180839
180900
180945
180946
180947
180948
180949
180950
180951
190200
190224
190225
190226
190227
190300
190324
190325
190326
190327
190400
190428
190429
190430
190431
190500
190531
190532
190533
190534
190535
190600
190631
190632
190633
190634
190635
190700
190735
190736
190737
190738
190739
190800
190835
190836
190837
190838
190839
190900
190945
190946
190947
190948
190949
190950
190951
191000
191049
191050
191051
191052
191053
191054
191055
191161
191163
200325
200327
200400
200428
200429
200430
200431
200500
200531
200532
200533
200534
200535
200600
200631
200632
200633
200634
200635
200700
200735
200736
200737
200738
200739
200800
200835
200836
200837
200838
200839
200900
200945
200946
200947
200948
200949
200950
200951
201000
201049
201050
201051
201052
201053
201054
201055
201100
201101
201155
201156
201157
201158
201159
201160
201161
201162
201163
201200
201201
201259
201260
201261
201262
201263
201264
201265
201266
201267
210600
210631
210632
210633
210634
210635
210700
210735
210736
210737
210738
210739
210800
210835
210836
210837
210838
210839
210900
210945
210946
210947
210948
210949
210950
210951
211000
211049
211050
211051
211052
211053
211054
211055
211100
211101
211155
211156
211157
211158
211159
211160
211161
211162
211163
211200
211201
211259
211260
211261
211262
211263
211264
211265
211266
211267
211300
211301
211365
211366
211367
211368
211369
211370
211371
211372
211373
211374
211375
211400
211401
211402
211468
211469
211470
211471
211472
211473
211474
211475
211476
211477
211478
211479
220800
220835
220836
220837
220838
220839
220900
220945
220946
220947
220948
220949
220950
220951
221000
221049
221050
221051
221052
221053
221054
221055
221100
221101
221155
221156
221157
221158
221159
221160
221161
221162
221163
221200
221201
221259
221260
221261
221262
221263
221264
221265
221266
221267
221300
221301
221365
221366
221367
221368
221369
221370
221371
221372
221373
221374
221375
221400
221401
221402
221468
221469
221470
221471
221472
221473
221474
221475
221476
221477
221478
221479
