50018
50019
50020
50021
50022
50023
50024
50025
50026
50027
50028
50117
50118
50119
50120
50121
50122
50123
50124
50125
50126
50127
50128
50218
50219
50220
50221
50222
50223
50224
50225
50226
50227
50228
60010
60011
60012
60013
60014
60015
60016
60017
60018
60019
60020
60021
60022
60108
60109
60110
60111
60112
60113
60114
60115
60116
60117
60118
60119
60120
60121
60209
60210
60211
60212
60213
60214
60215
60216
60217
60218
60219
60220
60221
60222
60309
60310
60311
60312
60313
60314
60315
60316
60317
60318
60319
60320
60321
70003
70004
70005
70006
70007
70008
70009
70010
70011
70012
70013
70014
70015
70016
70017
70018
70102
70103
70104
70105
70106
70107
70108
70109
70110
70111
70112
70113
70114
70115
70116
70117
70118
70203
70204
70205
70206
70207
70208
70209
70210
70211
70212
70213
70214
70215
70216
70217
70218
70302
70303
70304
70305
70306
70307
70308
70309
70310
70311
70312
70313
70314
70315
70316
70317
70403
70404
70405
70406
70407
70408
70409
70410
70411
70412
70413
70414
70415
70416
70417
70418
80000
80001
80002
80003
80004
80005
80006
80100
80101
80102
80103
80104
80105
80106
80200
80201
80202
80203
80204
80205
80206
80300
80301
80302
80303
80304
80305
80306
80400
80401
80402
80403
80404
80405
80406
80500
80501
80502
80503
80504
80505
80506
80600
80601
80602
80603
80604
80605
80606
90000
90001
90002
90003
90004
90005
90100
90101
90102
90103
90104
90105
90200
90201
90202
90203
90204
90205
90300
90301
90302
90303
90304
90305
90400
90401
90402
90403
90404
90405
90500
90501
90502
90503
90504
90505
90600
90601
90602
90603
90604
90605
90700
90701
90702
90703
90704
90705
90800
90801
90802
90803
90804
90805
96102
96103
96104
100000
100001
100002
100003
100004
100100
100101
100102
100103
100200
100201
100202
100203
100300
100301
100302
100303
100400
100401
100402
100403
100500
100501
100502
100503
100600
100601
100602
100603
100700
100701
100702
100703
100800
100801
100802
100803
100900
100901
100902
100903
101000
101001
101002
101003
101101
101103
107500
107501
107502
107503
180900
180901
180902
180903
180904
180905
180906
180907
181000
181001
181002
181003
181004
181005
181006
181007
181100
181101
181102
181103
181104
181105
181106
181107
181108
181200
181201
181202
181203
181204
181205
181206
181207
181208
181209
181267
181300
181301
181302
181303
181304
181305
181306
181307
181308
181309
181310
181375
181400
181401
181402
181403
181404
181405
181406
181407
181408
181409
181410
181411
181479
191000
191001
191002
191003
191004
191005
191006
191007
191100
191101
191102
191103
191104
191105
191106
191107
191108
191200
191201
191202
191203
191204
191205
191206
191207
191208
191209
191300
191301
191302
191303
191304
191305
191306
191307
191308
191309
191310
191375
191400
191401
191402
191403
191404
191405
191406
191407
191408
191409
191410
191411
191479
201200
201201
201202
201203
201204
201205
201206
201207
201208
201209
201267
201300
201301
201302
201303
201304
201305
201306
201307
201308
201309
201310
201375
201400
201401
201402
201403
201404
201405
201406
201407
201408
201409
201410
201411
201479
211400
211401
211402
211403
211404
211405
211406
211407
211408
211409
211410
211411
211479
