50418
50419
50420
50421
50422
50423
50424
50425
50426
50427
50428
50429
50517
50518
50519
50520
50521
50522
50523
50524
50525
50526
50527
50528
50529
50618
50619
50620
50621
50622
50623
50624
50625
50626
50627
50628
60609
60610
60611
60612
60613
60614
60615
60616
60617
60618
60619
60620
60621
60622
60708
60709
60710
60711
60712
60713
60714
60715
60716
60717
60718
60719
60720
60721
60809
60810
60811
60812
60813
60814
60815
60816
60817
60818
60819
60820
60821
60822
60908
60909
60910
60911
60912
60913
60914
60915
60916
60917
60918
60919
60920
60921
70803
70804
70805
70806
70807
70808
70809
70810
70811
70812
70813
70814
70815
70816
70817
70818
70902
70903
70904
70905
70906
70907
70908
70909
70910
70911
70912
70913
70914
70915
70916
70917
70918
71002
71003
71004
71005
71006
71007
71008
71009
71010
71011
71012
71013
71014
71015
71016
71017
71018
71102
71103
71104
71105
71106
71107
71108
71109
71110
71111
71112
71113
71114
71115
71116
71117
71118
71203
71204
71205
71206
71207
71208
71209
71210
71211
71212
71213
71214
71215
71216
71217
71218
71302
71303
71304
71305
71306
71307
71308
71309
71310
71311
71312
71313
71314
71315
71316
71317
81200
81201
81202
81203
81204
81205
81206
81300
81301
81302
81303
81304
81305
81306
81400
81401
81402
81403
81404
81405
81406
81500
81501
81502
81503
81504
81505
81506
81600
81601
81602
81603
81604
81605
81606
81700
81701
81702
81703
81704
81705
81706
81800
81801
81802
81803
81804
81805
81806
91500
91501
91502
91503
91504
91505
91600
91601
91602
91603
91604
91605
91700
91701
91702
91703
91704
91705
91800
91801
91802
91803
91804
91805
91900
91901
91902
91903
91904
91905
92000
92001
92002
92003
92004
92005
92100
92101
92102
92103
92104
92105
92200
92201
92202
92203
92204
92205
92300
92301
92302
92303
92304
92305
92400
92401
92402
92403
92404
92405
101700
101701
101702
101703
101800
101801
101802
101803
101804
101900
101901
101902
101903
102000
102001
102002
102003
102004
102100
102101
102102
102103
102104
102200
102201
102202
102203
102204
102300
102301
102302
102303
102400
102401
102402
102403
102404
102500
102501
102502
102503
102600
102601
102602
102603
102700
102701
102702
102703
102800
102801
102802
102803
102900
102901
102902
102903
103000
103001
103002
103003
180913
180914
180915
180916
180917
180918
180919
180920
181014
181015
181016
181017
181018
181019
181020
181021
181115
181116
181117
181118
181119
181120
181121
181122
181123
181124
181125
181216
181217
181218
181219
181220
181221
181222
181223
181224
181225
181226
181318
181319
181320
181321
181322
181323
181324
181325
181326
181327
181328
181329
181330
181418
181419
181420
181421
181422
181423
181424
181425
181426
181427
181428
181429
181430
181431
181432
191014
191015
191016
191017
191018
191019
191020
191021
191115
191116
191117
191118
191119
191120
191121
191122
191123
191124
191125
191216
191217
191218
191219
191220
191221
191222
191223
191224
191225
191226
191318
191319
191320
191321
191322
191323
191324
191325
191326
191327
191328
191329
191330
191418
191419
191420
191421
191422
191423
191424
191425
191426
191427
191428
191429
191430
191431
191432
201216
201217
201218
201219
201220
201221
201222
201223
201224
201225
201226
201227
201318
201319
201320
201321
201322
201323
201324
201325
201326
201327
201328
201329
201330
201418
201419
201420
201421
201422
201423
201424
201425
201426
201427
201428
201429
201430
201431
201432
211418
211419
211420
211421
211422
211423
211424
211425
211426
211427
211428
211429
211430
211431
211432
