50227
50228
50229
50230
50231
50232
50233
50234
50235
50236
60321
60322
60323
60324
60325
60326
60327
60328
60329
60330
60331
60332
60333
60334
70419
70420
70421
70422
70423
70424
70426
70427
70428
70429
70430
70434
70435
70525
70526
70527
70528
70532
70533
70534
80508
80509
80510
80512
80513
80514
80516
80607
80608
80609
80610
80611
80612
80613
80615
80616
80617
80711
80712
80715
80716
90609
90614
90617
90706
90707
90709
90712
90713
90714
90807
90810
90811
90812
90813
90814
90817
90818
90909
90911
90912
90913
90916
90917
100715
100719
100805
100806
100809
100812
100813
100814
100904
100908
100911
100912
100913
100914
101006
101014
101018
101019
101020
101108
101109
101111
101112
101113
101117
101118
101213
101218
