51429
62021
62022
62023
62025
62026
62121
62122
62123
62125
62126
62222
62223
62225
62226
72818
72819
72825
72826
72917
72918
72919
72920
72924
72925
72926
72927
73018
73019
73020
73024
73025
73026
73027
73117
73118
73119
73120
73124
73125
73126
84005
84006
84007
84010
84011
84012
84105
84106
84107
84110
84111
84112
84206
84207
84210
84211
84212
84305
84306
84307
84310
84311
84312
84405
84406
84407
84410
84411
84412
95103
95104
95105
95111
95112
95113
95204
95205
95206
95210
95211
95212
95213
95303
95304
95305
95306
95310
95311
95312
95313
95403
95404
95405
95406
95410
95411
95412
95503
95504
95505
95506
95510
95511
95512
95513
95603
95604
95605
95606
95610
95611
95612
95613
95703
95704
95705
95711
95712
95805
95810
95811
106111
106201
106202
106203
106204
106211
106212
106213
106302
106303
106304
106310
106311
106312
106313
106401
106402
106403
106404
106410
106411
106412
106413
106414
106501
106502
106503
106504
106511
106512
106513
106601
106602
106603
106604
106610
106611
106612
106613
106701
106702
106703
106704
106710
106711
106712
106713
106802
106803
106804
106810
106811
106812
106813
106901
106902
106903
106904
106910
106911
106912
106913
107001
107002
107003
107004
107010
107011
107012
107101
107102
107103
107111
107112
107203
107212
