#PT eta phi vx vy vz charge
3.02622 0.203853 -0.641815 -0.00217643 0.000335852 -14.4974 1
2.04613 -0.771726 -0.820248 -0.002657 -0.000403155 11.2655 -1
3.75227 -0.925878 -0.95228 0.000171925 -0.000876866 13.7455 1
2.3114 0.197538 -0.752089 0.00143421 -0.000575754 -11.7565 1
13.7747 -0.017494 -0.827334 0.000360557 -0.000237996 -10.0076 -1
5.57538 0.132674 -0.818636 -0.00319092 0.00104298 -10.6184 -1
3.68243 0.0367124 -0.93811 0.000220268 0.000625786 -10.7196 -1
4.03247 0.0371169 -0.666327 -0.00152567 0.000280092 -10.5735 1
2.3046 -0.725187 -0.91037 -0.000777073 0.00104542 10.2212 -1
2.02522 0.0660009 -0.915523 0.000523258 -0.00050292 -10.5435 -1
2.33415 -0.809102 -0.658234 0.00297342 -3.59753e-05 10.1155 1
2.04083 -0.786275 -0.975597 -0.00296795 -0.000213696 10.6726 -1
3.72164 -0.785927 -0.736415 0.0012905 0.000501329 10.41 -1
4.10501 -0.00353851 -0.685834 0.000290017 0.000387516 -10.4127 -1
8.44239 0.129032 -0.813762 0.00124061 -0.000422141 -10.2782 -1
2.46248 -0.88356 -0.897313 -0.000668418 0.00149689 12.1322 1
2.12903 0.156252 -0.851548 0.0014968 -0.000582892 -10.8704 -1
2.57801 0.253806 -0.7078 0.00085508 0.00176123 -14.0236 1
22.5337 0.106643 -0.749204 0.0010106 -7.19071e-05 -12.8414 1
77.3091 0.204531 -0.860688 0.000487023 0.000846723 -12.3242 -1
3.10772 0.135526 -0.999501 -0.00242791 -5.58631e-05 -10.9459 -1
2.50411 0.152631 -0.576805 -1.46493e-05 -0.000100908 -11.8502 1
3.08743 -0.925287 -0.786449 0.00105232 -0.000790166 13.7002 -1
13.5698 0.0582433 -0.652395 -0.00342379 -4.43081e-05 -10.9282 -1
3.41045 0.0397096 -0.614905 -0.00189198 4.66658e-05 -10.3586 1
8.27947 0.219502 -0.690298 0.000433371 0.000266672 -12.4317 -1
10.8562 0.0377589 -0.930472 -0.000148677 -0.000873395 -10.8547 1
7.22464 0.125525 -0.782564 -0.00238653 0.000712916 -10.8928 -1
38.8883 -0.78736 -0.782255 -0.00021331 -0.00162112 10.8028 -1
2.06377 0.110286 -0.825333 -0.0003082 0.000173178 -10.7756 -1
401.65 0.191283 -0.865873 0.00119036 0.000693261 -11.2412 -1
2.13757 0.111436 -0.663195 0.00115811 0.000206048 -10.349 -1
2.33668 0.225828 -0.870709 -0.000748399 0.00103144 -12.5699 -1
2.65452 -0.743526 -0.967476 0.000762224 -0.000199363 11.2579 -1
2.98562 -0.775747 -1.00121 0.00204645 0.000245992 10.0955 -1
21.5372 -0.80051 -0.799692 -0.00034346 -0.000844478 10.4657 1
5.24127 0.187257 -0.583496 -0.00187155 -0.0014846 -12.1541 1
3.01592 -0.8737 -0.731561 -0.000154295 0.000743839 12.9011 1
2.77468 -0.882491 -0.784781 -0.00196331 -4.80844e-05 12.818 1
2.96503 0.192846 -0.823229 0.00145951 -0.000250694 -12.5239 1
6.45448 0.207419 -0.676732 0.00182629 0.000450168 -11.4598 -1
9.62285 0.0744072 -0.835748 -0.000303561 6.28541e-05 -10.3164 1
2.29886 -0.84393 -0.724942 -0.00160647 0.000546 12.0827 1
2.37177 -0.902834 -0.869893 0.000782443 0.000248403 14.2779 -1
15.8305 0.108676 -0.737318 -0.00211125 -9.46129e-05 -10.2622 -1
3.2764 0.0616064 -0.702018 -6.5552e-05 -0.000557242 -11.3537 -1
9.21044 0.0737114 -0.707303 -0.00232087 -0.000235372 -10.3628 1
9.65215 -0.810297 -0.968188 -0.00227262 -0.000167172 11.8572 -1
7.52174 0.191528 -0.87766 0.00154479 -0.000881226 -12.9395 -1
2.24628 0.0528986 -0.951962 -0.00195287 0.00102787 -10.8039 -1
6.09164 0.192955 -0.93778 7.56852e-06 5.37611e-05 -12.2283 -1
4.39268 0.071767 -0.658073 -0.00309076 -0.000475246 -10.5717 -1
42.4776 0.119628 -0.607628 0.000174057 -0.000728844 -10.0751 -1
7.44214 -0.754421 -0.915298 -0.00238921 0.00119823 11.4151 -1
4.75257 0.206029 -0.620597 0.000295918 -0.000532206 -11.4187 1
2.61274 0.107625 -0.826277 -0.00120824 0.000247874 -11.0312 1
22.4877 -0.741976 -0.791104 0.00246597 0.000516374 11.2298 1
19.9542 0.244682 -0.971785 -0.00148918 6.65117e-05 -12.5351 -1
2.78666 0.135354 -0.725771 -0.000818481 -0.000131992 -10.8018 -1
4.51042 -0.822666 -0.763955 0.000480486 -0.000102616 12.0285 -1
2.2615 0.202899 -1.01219 -0.000789215 -0.000374273 -12.7041 -1
4.94464 -0.882474 -0.806171 0.00270042 -0.000492994 11.3508 -1
2.62056 0.0313414 -0.831805 0.000800084 -0.00103732 -10.5472 -1
2.09135 0.118305 -0.702703 -0.00224633 -0.000541847 -10.4828 -1
2.27049 -0.75763 -0.919041 -0.00343567 -0.000668661 10.9225 -1
2.12237 0.298004 -0.865231 -0.00285514 -3.88414e-05 -14.6676 -1
6.73216 0.155011 -0.790269 -0.00294897 -0.000384418 -10.8672 -1
2.11048 0.0488997 -0.804397 0.000299597 0.00031322 -10.7658 1
35.1863 -0.81979 -0.758463 0.00263214 -2.6245e-05 10.7165 -1
3.86777 0.109761 -0.773995 0.0019239 -0.00019852 -12.5683 1
2.03292 0.137774 -0.687233 0.000681316 0.00020409 -10.6486 1
5.70953 -0.799765 -0.953014 -0.000496283 -0.000272762 10.0517 1
55.9675 -0.775612 -0.870654 3.82192e-06 -0.000758521 10.5675 1
2.09261 -0.00538359 -0.692075 -0.00244142 8.29382e-05 -10.0698 -1
55.4725 0.0684963 -0.873168 0.00184169 0.000616447 -11.2083 -1
2.07474 -0.834349 -0.732683 -0.000662173 -0.00120739 11.4482 -1
23.0437 -0.735453 -0.672633 0.000928273 0.00107003 10.2154 -1
15.4152 -0.851292 -0.856659 -0.000593148 -0.000219716 12.2152 -1
8.07025 -0.809957 -0.799145 -0.0008859 -0.000888782 11.8546 1
2.73892 -0.717031 -0.761335 0.00377067 0.000122834 10.312 -1
2.10101 -0.805075 -0.637965 0.00137187 -0.000754911 10.031 1
4.27769 -0.796535 -0.859054 -6.23116e-06 0.000457179 10.7256 -1
2.98005 -0.829933 -0.707269 -0.000433073 -4.93401e-05 10.2548 1
7.94924 0.111244 -0.759747 -0.00407335 0.000624216 -11.4369 -1
2.80633 -0.768041 -0.718216 0.000866896 -0.00147833 11.3437 1
10.7476 -0.900875 -0.803798 0.0020984 -0.00022329 14.164 -1
7.53502 0.0890571 -0.770459 -0.000496965 0.000949662 -11.0081 -1
3.25729 -0.776967 -0.605686 0.00300641 0.000379627 11.8521 1
2.82796 0.143838 -0.868065 -0.00215447 0.000302349 -10.0201 -1
8.41511 -0.707646 -0.863231 -0.00131446 0.000459497 10.3574 1
10.8489 0.0294949 -0.891753 -0.00343239 0.000141975 -11.0282 -1
2.27744 0.0707013 -0.588015 -7.30689e-05 8.15153e-05 -12.0791 1
2.17833 -0.753752 -0.875845 -0.000319105 0.000364203 10.7375 1
3.86914 0.0777031 -0.860215 -0.00206507 -0.00147035 -11.2542 1
2.84897 -0.748901 -0.736373 0.00183 -0.000966055 11.1678 1
4.38818 -0.726636 -1.00131 0.00115606 -0.000748823 10.9084 -1
10.608 0.112527 -0.856144 0.00237717 0.000493884 -10.5268 1
2.41227 0.135845 -0.911583 -0.0022895 -0.000732138 -10.8426 -1
2.81108 0.0594609 -0.92904 -0.00107409 0.000566512 -10.1428 -1
9.59063 0.232096 -0.972286 0.000146562 -0.000430952 -12.8419 -1
2.62179 0.228547 -0.692607 0.000154735 0.00139387 -12.4525 1
6.74008 -0.76973 -0.869888 -9.56007e-05 -0.000246897 10.8322 1
2.13879 -0.764953 -0.664995 0.000854686 -0.000369906 11.8706 -1
4.66035 0.152867 -0.991266 0.00246549 -0.000722729 -10.2309 -1
6.81185 0.319794 -0.909224 -0.000889076 -0.000399914 -14.1405 1
4.06303 -0.833898 -0.646545 -0.00154978 -0.000583465 11.9161 1
3.54826 -0.860517 -0.621022 -0.00287636 0.000493849 11.2229 -1
4.87474 0.0322898 -0.680923 0.00153182 0.000910153 -11.3455 1
9.98472 -0.775968 -0.715411 0.00333556 0.000164534 11.5561 -1
3.45867 0.0877991 -0.767459 0.0014914 -0.000460583 -11.986 -1
5.81461 0.210893 -0.744725 -0.00344096 -0.00059617 -12.2658 -1
2.68908 -0.756474 -0.596078 0.00342702 0.000927629 11.8273 1
4.04649 0.135389 -0.794349 0.00167148 -0.000167502 -10.2719 1
7.39174 0.00943279 -0.634919 -0.00164482 -0.000513767 -10.6378 1
4.38449 -0.718493 -0.633184 -0.000448923 0.00103159 10.8852 -1
16.9893 0.17627 -0.822093 -0.000440274 -0.00124194 -12.7752 1
4.18096 0.0990907 -0.739866 -0.000798223 -5.55737e-05 -10.3621 -1
2.33221 -0.827705 -1.03991 0.00205142 -0.000496028 11.1736 -1
20.4947 -0.725821 -0.965102 0.000725736 0.000427514 10.8004 -1
3.77642 -0.815119 -0.943997 0.00315312 9.61432e-05 10.0241 -1
2.3595 -0.737312 -0.680223 0.000457267 -0.000282967 10.1973 -1
4.27889 0.153825 -0.573963 0.000215966 0.000800528 -10.404 1
2.56381 0.0114492 -0.794532 0.00379453 0.000773631 -10.3657 -1
4.03636 -0.9456 -0.78742 0.00179946 0.000979576 14.4651 1
3.12004 -0.831154 -0.594949 -0.00175393 -0.00091851 11.0248 1
2.09423 0.0817689 -0.869896 0.000285711 0.000475231 -10.9078 -1
15.6827 -0.814214 -0.867428 0.000735145 -0.00014038 10.6145 1
2.93627 0.0653692 -0.804264 4.98224e-05 0.00107212 -11.757 1
2.28715 -0.734076 -0.876826 -0.000479004 -0.00119146 10.0422 1
2.3796 -0.790982 -0.683551 0.000559652 0.000713256 10.0157 -1
2.08858 0.194621 -0.937456 -0.00152345 0.00200152 -13.5299 -1
4.113 -0.835812 -0.752871 -0.00133093 -0.000285138 10.3064 1
7.2874 0.144207 -0.955012 0.00126218 0.000243119 -12.4446 1
4.07489 -0.87356 -0.987671 0.00342762 0.000165567 12.169 -1
2.27978 0.119454 -0.671144 -0.000545785 -3.3847e-05 -10.0449 1
2.12903 0.270959 -0.838163 -0.00121624 0.000632884 -13.0903 1
2.07703 0.173469 -0.529198 0.0017298 -0.000883999 -11.836 1
2.21477 -0.839299 -0.711476 0.00140109 0.000803266 10.0908 1
45.073 -0.0260539 -0.955333 -0.00113069 -0.000131836 -10.0782 1
2.05043 0.18374 -0.751163 -0.00190457 0.000947793 -11.9866 -1
4.47805 0.154727 -0.63892 0.00023737 -0.00102072 -11.1251 -1
12.8695 0.123314 -0.93001 -0.000148039 -0.000600664 -10.4514 1
5.3392 -0.753545 -0.637102 -0.00110562 -0.00014971 10.026 -1
9.55029 -0.759616 -0.779146 0.000782463 0.000312766 11.1218 -1
2.00455 0.0103048 -0.741867 -0.00116459 -0.000383789 -10.1122 -1
2.68769 0.153647 -0.618245 -0.00347683 0.000851773 -10.3108 1
5.18666 0.0304276 -0.716506 -0.00261456 -0.00076395 -11.0278 1
2.7777 -0.829503 -0.921655 0.00316908 0.000221946 10.8338 1
3.49983 -0.819256 -0.808081 -9.33705e-05 -0.000888331 10.22 1
2.80287 -0.816848 -0.794465 0.000601317 0.000973244 12.0711 -1
5.69851 0.23096 -0.581802 0.00099927 -0.000163071 -13.7343 1
3.06187 -0.707875 -0.692165 -0.000924347 -0.000866529 10.241 1
3.79201 -0.789918 -0.810932 0.00202444 -0.000664654 11.4223 1
4.16183 -0.821785 -0.924167 -0.00030336 8.85432e-05 12.015 1
4.18227 0.137899 -0.928584 -0.00301562 0.000582775 -11.0154 -1
9.77915 -0.854539 -0.938728 0.000281266 -8.37044e-05 12.7026 1
2.55076 -0.881583 -0.93775 -0.00111641 0.00135076 12.0438 1
2.08741 -0.841001 -0.995338 7.61013e-05 -0.000480981 10.347 -1
10.5578 -0.855622 -0.952955 0.00117164 0.000151271 11.9318 1
6.77733 -0.817651 -0.906067 0.00238505 0.000621343 12.8001 1
4.52579 -0.863576 -0.982352 0.00174226 0.000630927 12.0049 -1
4.11028 -0.823359 -0.758236 0.00139474 0.000227633 12.5462 -1
3.41624 0.00986652 -0.72923 -0.00200753 0.000980133 -10.4245 1
8.54395 0.0678025 -0.718672 0.000596021 -0.000362349 -10.2926 -1
3.32614 0.108854 -0.774278 -0.000542455 -0.000275312 -10.3661 1
4.76862 0.0287951 -0.6945 -0.00284661 0.00032844 -10.2029 1
4.92911 -0.811234 -0.773033 0.000991357 -0.000163402 10.0844 -1
9.99095 0.130581 -0.742101 -0.00159624 -0.0012833 -12.8316 1
5.82 -0.832094 -0.644898 0.00185207 -0.000136112 11.6073 1
2.08346 0.10136 -1.01837 -0.00316667 -0.000456875 -12.2928 -1
2.35704 -0.890525 -0.709103 -0.00250982 0.000276533 12.0383 1
4.24759 0.0377947 -0.741147 0.000438065 8.86335e-05 -10.1995 1
2.95114 0.0450591 -0.635593 0.00341514 0.000621349 -11.4788 1
2.49423 -0.780089 -0.821203 -0.00196056 0.000374395 10.0034 -1
2.94153 -0.879525 -0.960612 0.000239992 0.001457 11.5745 1
2.22769 0.194916 -0.885746 -0.000565858 0.00170193 -12.8837 1
2.7726 0.198535 -0.588188 0.000755068 -0.00078136 -12.3162 1
75.406 -0.785428 -0.639659 0.00115802 -0.000989604 11.2421 -1
15.6153 0.0729901 -0.966451 -0.00184241 0.000455916 -11.3051 1
9.20974 0.0259234 -0.638518 0.000116288 -0.000606627 -10.2685 -1
3.21967 -0.714021 -0.66147 -0.00218159 -0.00070481 10.1987 1
3.94277 -0.781352 -0.845153 -0.000110553 0.00107232 10.8819 1
5.56876 -0.779312 -0.878449 -0.000969182 -0.000750262 10.0424 1
2.56357 -0.930415 -0.775007 -0.000806122 -0.000130443 13.5756 -1
2.04887 0.17803 -0.757485 0.00132271 0.000208648 -11.268 1
5.93517 -0.900075 -0.877118 0.00246124 -0.000403837 12.5514 1
55.6092 0.0397204 -0.763313 -0.00315043 4.21658e-05 -11.0078 -1
17.6315 -0.75548 -0.860853 0.00289864 -0.00119018 10.0248 1
2.18056 0.127533 -0.844064 -0.00098926 0.0003402 -10.3401 1
183.216 -0.759448 -0.770496 0.00303629 0.000769235 10.5608 -1
42.0141 -0.84611 -0.903272 7.93359e-05 0.000927046 10.5254 1
2.25183 -0.843838 -0.723612 -0.00105188 0.000113249 10.5042 -1
3.38257 0.113733 -0.749607 -0.000274018 0.000369409 -10.2202 1
3.55691 0.269976 -0.587105 -0.00200029 -0.000672343 -14.9632 1
8.5164 0.157484 -0.678461 -0.00219133 -0.000287737 -10.7923 1
8.70719 0.234555 -0.786899 -0.00124537 7.01798e-05 -12.7601 -1
3.2561 -0.731802 -0.700931 0.00298535 0.0010984 11.0273 -1
5.17255 0.150355 -0.840844 0.000455139 0.000381212 -11.8687 1
19.1517 -0.716798 -0.835897 0.00328787 0.000539421 10.3838 1
2.4302 -0.852898 -0.613566 0.00198292 0.000140655 12.7308 1
4.632 0.152322 -0.789263 -0.00237172 5.52138e-05 -10.9083 -1
2.74317 0.0663491 -0.942977 -0.00170791 0.000282058 -10.8547 -1
2.06979 -0.815553 -0.767848 0.00299697 0.000433154 13.0799 1
3.21399 0.143774 -0.669114 -0.00349162 -5.28327e-05 -11.0563 -1
49.9535 -0.801378 -0.968555 0.00162575 0.000252807 11.6862 -1
15.3972 0.261035 -0.897684 0.0023464 0.000205022 -13.4822 1
2.80745 -0.721672 -0.782844 0.000519729 0.000904268 10.4815 1
3.44994 0.0239991 -0.676052 0.00293081 0.00163488 -10.1055 -1
2.21137 0.0603427 -0.742185 -0.000672552 5.02405e-05 -10.6575 1
14.4889 0.186965 -0.846896 -0.0025507 0.000720113 -11.8064 -1
3.56681 0.132873 -0.807082 -0.00261023 -0.000559097 -12.2616 1
2.26891 -0.790469 -0.577493 0.000728485 -0.000388049 10.3503 1
2.8966 0.176843 -0.870399 -0.00247981 0.000428773 -11.6307 -1
6.1629 -0.816397 -0.782539 0.00129966 -0.000183018 10.1344 -1
3.04506 -0.812583 -0.926396 0.00214377 0.000283079 10.2425 1
2.69507 -0.826507 -0.654779 0.000634371 -0.000584513 12.2806 1
21.4725 0.0924989 -0.815222 -0.00157067 0.0002712 -11.3214 1
2.6226 0.211115 -0.917687 0.000283616 0.000421827 -11.4632 1
4.18811 -0.78423 -0.746345 0.00154385 -0.000158149 11.1542 -1
13.2095 0.11846 -0.656835 -0.000702579 0.000171349 -10.3505 -1
3.12293 0.183989 -0.88658 -0.000366922 0.000525042 -11.927 -1
2.11124 0.221882 -0.665741 -0.00151332 0.000787961 -12.9827 1
4.24854 0.021379 -0.794743 -0.000476519 -0.000437233 -10.4833 -1
18.1641 -0.887904 -0.852561 0.000542127 5.464e-05 12.1775 1
53.5066 0.0431582 -0.771734 -0.00107131 0.0013439 -10.5133 1
7.56895 -0.838511 -0.837607 -0.000768094 -0.000775317 13.8448 -1
3.97776 0.128856 -0.861111 -0.00338598 0.00046396 -11.3118 1
2.38973 -0.776764 -0.827871 -0.00167929 -0.000538232 11.2031 -1
3.43436 0.0651956 -0.734634 -0.000466018 -0.000802159 -10.7317 1
3.72259 -0.000102139 -0.900647 -0.00251793 0.000545286 -10.4575 1
6.40803 0.0262333 -0.767174 0.000290713 -4.13922e-05 -11.0116 1
25.5948 0.184958 -0.626893 0.000860708 -3.70112e-06 -11.5276 1
3.55864 -0.769827 -0.640801 0.00236501 0.000716924 11.7815 -1
12.5463 0.283966 -0.899128 -0.00233799 0.000658337 -13.2161 1
2.90038 0.0777557 -0.776732 -0.000324191 9.57292e-05 -11.3548 1
6.55219 -0.00147972 -0.671574 -0.000720562 0.000260766 -10.5499 1
7.44509 0.133612 -0.867925 -0.00177054 -0.00137821 -10.021 1
2.4734 -0.850084 -0.994226 0.00244878 -0.0015599 11.2222 -1
9.14906 0.0314558 -0.954369 -0.000439776 -0.000667454 -10.8064 -1
2.83947 0.190131 -0.718372 -0.00071479 0.00018087 -12.4337 -1
11.2751 0.108578 -0.58486 -0.000462768 -0.000746589 -11.3134 1
3.00877 0.063713 -0.879768 -0.0020999 0.000372958 -11.896 1
3.6766 -0.89024 -0.877672 0.00236381 -0.000278087 12.6401 -1
2.65547 0.25567 -0.827857 -0.000255343 -0.00117728 -12.5135 -1
2.33761 -0.789371 -0.846672 -0.000502859 -5.19811e-05 12.1005 -1
2.43703 0.126394 -0.67444 -0.000290857 0.000167551 -10.0791 -1
2.91918 0.212989 -0.946839 -0.000721094 -0.00123674 -11.6474 -1
2.03858 0.104539 -0.775434 0.00012494 -0.000319413 -10.0281 1
2.55514 0.0932656 -0.902062 -0.00135495 -0.000447207 -11.419 -1
7.29766 -0.827301 -0.84529 0.00287845 0.000476098 11.271 1
3.64222 0.0740438 -0.620156 -0.00024863 -0.000798737 -10.8232 1
19.5077 0.0498945 -0.612016 -0.0036002 -0.00147616 -10.5052 1
2.16041 -0.749115 -0.826789 0.000731711 -0.000586664 10.9528 1
2.56185 0.0175392 -0.768281 0.000740104 0.00144061 -10.2154 1
2.88577 0.210872 -0.705585 1.62642e-05 0.000595088 -12.1419 1
11.5992 -0.796508 -0.826187 -0.00133637 0.000712077 11.2781 1
5.43976 -0.742091 -0.739684 -0.00140268 -9.07643e-05 10.5736 1
2.05018 -0.821404 -0.532708 0.00237856 -0.000450031 10.3171 1
7.05936 0.115227 -0.817058 -0.00123503 -0.000291531 -10.031 -1
3.4773 0.247868 -1.00387 -0.003529 -0.000462668 -13.22 -1
3.5347 -0.775932 -0.922753 0.00233407 0.000208187 10.1846 -1
3.3573 -0.846292 -0.909436 -0.00232929 -0.000261367 11.8029 1
335.8 0.165625 -0.75757 0.0024404 0.000461326 -10.7336 1
4.58176 -0.758945 -0.731306 -0.00217148 0.00148543 10.4913 1
2.31112 0.126478 -0.585285 -0.0016156 -0.00053282 -10.1979 1
9.36526 0.0673628 -0.988293 -0.00244546 0.00021962 -10.5135 -1
3.12129 -0.804445 -0.778565 -0.00285644 -0.00101074 11.7468 1
2.39828 -0.801617 -0.928859 0.00137896 8.75765e-05 11.4622 -1
2.10516 0.222897 -0.913695 -0.000969156 0.00102459 -13.5456 -1
3.33948 0.211123 -0.756657 -0.00244797 0.000892301 -12.2547 1
6.99144 -0.801153 -0.971006 -0.00149135 7.20792e-05 11.0454 -1
4.60294 -0.807221 -0.854785 -0.000798988 -0.00052917 11.3904 -1
4.14651 0.183285 -0.588024 0.000211199 4.54202e-05 -10.953 1
7.05927 -0.834786 -0.702297 -0.00180189 -0.00061266 12 -1
17.7081 0.049177 -0.891342 0.000115757 -0.00010164 -10.3865 1
4.88582 0.182034 -0.721727 0.000811787 0.000334056 -11.329 1
4.28055 0.0808125 -0.894699 -0.00123715 5.55281e-05 -11.2698 -1
2.61862 -0.703265 -0.807444 0.000214074 2.7467e-05 10.0749 1
16.0829 0.223436 -0.773791 -0.000175566 -0.000378504 -13.0894 -1
10.6504 -0.884391 -0.6942 0.00160403 0.000652745 13.8209 1
2.45105 0.035097 -0.630997 -0.00189326 0.00108607 -11.1082 1
7.95166 0.226994 -0.691473 0.00111786 -0.000492902 -13.7733 -1
2.44844 0.224117 -0.814434 -0.00268113 -0.000598125 -13.3122 1
4.6479 -0.833125 -0.804189 0.00135458 -0.000896674 10.8955 1
4.46722 0.212137 -0.681818 -0.00320788 -0.000508637 -13.1712 1
6.40005 0.220195 -0.684539 0.000470214 0.000705072 -14.5976 1
8.76058 -0.804625 -0.814239 0.000655847 -0.000225087 10.1613 1
44.1525 -0.718563 -0.596947 0.00388076 0.000957748 10.6968 1
2.27784 -0.800394 -1.02373 0.00201021 0.000356509 13.1668 -1
2.4058 0.196243 -0.674819 -0.0007748 -0.000868214 -11.3847 1
7.01556 -0.898483 -0.689306 -3.52448e-05 -0.000341289 12.8119 -1
3.32876 0.0446265 -0.900582 -0.00174994 -0.000107085 -11.1804 -1
29.4934 0.313242 -0.899679 -0.00402382 5.50639e-05 -14.4396 -1
4.69385 0.171466 -0.732275 0.00320512 0.000101687 -11.5247 -1
41.0176 -0.704658 -0.772507 0.0019675 -2.59282e-05 10.0283 1
2.37505 0.12029 -0.901365 -0.00198775 0.000163725 -10.9584 1
2.03494 -0.932293 -0.823085 0.00121106 0.000144241 13.2352 1
2.2663 -0.956794 -0.730761 0.000754694 0.000424725 14.1481 1
2.38787 -0.843767 -0.736217 -0.000247528 0.000610463 10.6937 -1
2.11802 -0.80842 -0.737237 0.000413899 -0.000204261 11.4416 1
2.83882 0.060644 -0.851683 -0.000799509 -0.000608065 -11.7869 1
4.27558 -0.749205 -0.817635 4.52984e-05 2.14542e-05 10.2598 -1
4.70567 0.0528019 -0.755841 0.000226724 0.000295008 -11.6706 -1
16.428 0.00591745 -0.974864 0.000561147 -0.000306066 -10.1021 -1
3.71189 0.202702 -0.59923 -0.00199349 0.000782103 -11.5866 1
3.83031 0.135309 -0.847298 -6.83737e-05 0.00065276 -11.7001 -1
56.4156 0.200891 -0.910002 -0.000494259 -0.000215686 -11.7258 -1
6.50218 0.194685 -0.645071 -0.00325345 -0.00123329 -12.8267 1
7.06536 -0.748124 -0.896225 0.00306731 -0.00105497 10.925 -1
3.87001 -0.783438 -0.637585 0.000302781 0.000339372 10.1004 -1
3.32679 -0.773417 -0.877738 0.00103356 -0.000111305 10.9161 -1
13.7119 0.17395 -0.62092 -0.000599684 0.000461102 -11.768 -1
2.93881 0.0870212 -0.710751 0.000427399 0.000182499 -12.0339 -1
2.48868 -0.842438 -0.65956 0.00172362 -0.000742836 10.6731 1
23.3108 -0.746982 -0.762436 -0.00115731 -0.000137802 10.2938 1
31.8979 0.125014 -0.769064 0.000977952 9.93355e-05 -11.4731 -1
2.82485 -0.822868 -0.642606 0.00260471 -0.000843119 10.034 1
2.51953 -0.85603 -0.662788 -0.00126396 -0.000197018 12.5045 1
174.961 -0.733132 -0.645083 -0.00213084 -0.00096927 10.3 -1
11.5175 -0.755959 -0.843428 0.00175358 0.000586401 11.4643 -1
8.42656 0.183196 -0.663774 0.000556057 -8.38512e-05 -11.4463 1
2.09639 -0.780282 -0.771074 0.00277618 0.00065328 10.2171 1
5.75309 -0.850883 -0.748565 0.000487558 -0.000129153 11.2697 -1
3.0316 -0.922169 -0.566149 0.00189131 0.00107889 13.6522 1
26.9364 -0.774445 -0.625016 0.00399819 -0.00100979 11.3368 -1
2.39274 0.156599 -0.725649 0.00312858 -8.90938e-05 -10.9514 1
3.12126 0.11799 -0.683168 -0.000924616 0.00107097 -11.9379 -1
7.09776 0.134674 -0.579044 -0.000112917 -0.000108734 -11.1329 1
27.0729 -0.86767 -0.65637 0.00126785 -0.000167887 11.3664 1
17.6754 -0.763837 -0.856077 -0.000451032 -0.000228455 10.3712 -1
4.43201 -0.715658 -0.805722 0.00221092 -6.15728e-05 10.5352 1
5.90495 0.199079 -0.697865 -0.00366137 -0.000693267 -13.2916 1
3.32318 0.0946844 -0.931466 2.10111e-05 0.00148378 -11.5063 -1
3.8567 -0.74845 -0.843547 0.00259107 -0.000967348 10.7143 -1
6.33702 -0.749096 -0.995882 0.00272816 0.00140782 10.3662 -1
7.93558 -0.891348 -0.776641 0.00199632 0.00108894 12.0921 1
9.36611 0.0904987 -0.912641 -0.00103344 0.000567324 -12.212 -1
27.2438 0.162205 -0.905467 -0.00290019 -4.42253e-05 -13.8622 1
2.66511 -0.755856 -0.662213 -0.000134298 -0.000635697 10.1066 1
2.28508 0.140955 -0.849694 -0.000639612 -0.000291228 -10.1263 -1
2.0235 -0.944703 -0.765374 0.00172917 -0.00030892 14.9669 -1
4.45521 0.148524 -0.804273 0.00110578 0.00110966 -12.5828 1
5.32306 -0.7609 -0.76399 0.000726213 -5.44616e-05 11.7869 1
2.07714 -0.900494 -0.848586 0.00150285 -0.00111209 14.5565 1
2.58831 0.276926 -0.687938 -0.000987575 -0.000174419 -14.5727 1
6.52731 -0.888508 -0.77531 -0.00310325 -5.0232e-05 11.6715 -1
2.58184 0.137494 -0.945165 -0.0016273 0.000275781 -12.1253 -1
2.54454 -0.822207 -0.810464 -0.00215635 -0.000100767 12.2997 -1
2.10222 0.112212 -0.769999 -0.00317776 0.000890411 -12.0406 1
2.65785 -0.791186 -0.840501 0.000932723 -0.000607366 11.5789 1
5.49883 -0.706855 -0.578585 -0.00167943 2.87178e-05 10.4675 1
3.18671 -0.807129 -0.745546 0.000695327 -0.00100746 10.4279 -1
2.001 -0.774832 -0.830716 0.00147475 -0.000101074 10.6194 -1
2.52179 0.189777 -0.892334 -0.000512732 -0.000507624 -11.7871 1
2.28371 -0.712435 -0.820243 0.00351637 -0.000205315 10.1357 1
7.03916 -0.768983 -0.613986 0.00290538 0.000118608 10.8865 -1
2.06554 0.0451916 -0.880327 0.00139124 -0.000568746 -10.6104 -1
2.5663 -0.825786 -0.578595 0.00185143 0.000568662 11.1368 1
2.10502 0.203602 -0.993354 0.00183358 -0.000235116 -11.6605 -1
2.13383 0.0255498 -0.806866 -0.00253356 0.000883673 -10.9338 -1
2.50708 -0.00196009 -0.560017 0.000379689 0.000314723 -10.0477 1
2.33543 0.0681118 -0.70448 0.00071119 -0.000679429 -10.0466 1
28.1775 -0.946156 -0.977851 -0.00166462 8.3026e-06 14.0974 -1
3.03969 -0.857064 -0.711582 0.0014182 0.000325948 12.4 1
67.8346 0.0374082 -0.739726 -0.00213289 -0.000130152 -10.7802 1
2.04114 0.139422 -0.583346 -0.00104673 0.000201155 -10.6933 1
4.73839 -0.83136 -0.945898 0.000772459 0.000179886 12.0644 1
2.69222 -0.809175 -0.699599 0.00112625 -0.000395724 10.3771 -1
2.47865 0.168027 -0.822234 -0.00118731 0.000278446 -11.6427 1
6.99957 -0.819838 -0.897889 -0.000923763 -0.000533236 11.071 1
3.37626 -0.895448 -0.914558 0.00173984 -0.000261644 12.6891 -1
3.37799 -0.78687 -0.801156 -0.00218963 0.000233298 10.9744 1
5.31016 0.188641 -0.708146 0.000554511 0.000236216 -13.3218 -1
3.27268 0.204513 -0.668344 0.00286565 0.000469293 -12.2115 -1
3.07532 -0.875156 -0.749128 0.00157873 -0.0010386 11.4434 1
4.83564 -0.830447 -1.01201 0.00314929 -0.000721299 10.501 -1
6.42067 0.110891 -0.819488 -0.00429273 -0.000514633 -12.2029 1
3.61192 0.059022 -0.933699 -0.00279244 -0.000343478 -10.3558 1
3.0362 0.0556292 -0.705397 -0.00300123 -0.000256963 -10.0625 -1
2.02828 0.309828 -0.761669 -0.00290731 -3.31082e-05 -14.914 1
3.16301 0.0958357 -0.825629 -0.000600236 -0.000147397 -12.3609 1
2.63974 -0.929324 -0.662913 -0.00386696 -0.000402189 14.1824 -1
3.28137 0.0457555 -1.01588 -0.00250728 0.000907206 -10.6915 -1
2.6771 0.220058 -0.927308 -0.00269131 0.0011637 -13.7695 -1
3.07732 0.116309 -0.688714 -0.000584175 -4.14744e-05 -10.9498 -1
5.56431 0.112811 -0.753835 -0.00345645 -0.00126929 -12.8583 1
5.80661 -0.816625 -0.78962 0.00327697 -6.85719e-05 12.4682 -1
18.3142 -0.741927 -0.710007 0.00125612 0.000971686 10.0887 1
6.08271 0.144169 -0.947211 -0.00349078 -0.000296185 -13.1225 1
2.65951 0.184043 -0.734536 -0.00140003 0.000164253 -13.2397 1
2.38854 0.160291 -0.768022 -0.000963432 -0.000376734 -11.8967 -1
3.40615 0.179675 -0.83686 -0.00134376 -0.000697225 -11.2431 -1
4.4681 -0.0130242 -0.909687 -0.00152222 0.000171968 -10.2889 -1
74.6074 -0.849485 -0.840884 0.00249784 5.70781e-05 10.7386 1
118.683 0.0782885 -0.931508 -0.00208487 -0.000467674 -12.225 1
2.5113 0.0528571 -0.832989 -0.000325279 0.000211294 -10.7943 1
2.28075 0.118427 -1.01545 -6.49384e-05 -9.26187e-05 -13.1309 -1
3.66323 0.201275 -0.895335 -0.00162356 -0.000308127 -11.4209 1
3.90385 0.0411449 -0.674278 -0.000855238 -0.000377794 -10.6411 1
6.40994 -0.787121 -0.754402 -0.000634898 0.000812273 10.82 1
8.01572 -0.766143 -0.615663 0.00208112 -0.00117129 11.0169 -1
2.80464 0.0630916 -0.906707 0.00121011 0.000352194 -11.3214 1
5.53287 -0.779648 -0.726727 -0.00166917 -0.00137186 10.1653 1
2.11565 -0.731856 -0.727735 0.00245003 0.00150151 10.308 1
2.70929 -0.837951 -0.78237 0.0028166 0.000741174 11.7259 -1
4.61509 0.255774 -0.737748 -0.00315709 -0.000559599 -13.8798 -1
4.34461 0.150211 -0.797951 -0.00260477 -0.000565667 -13.5572 -1
2.35596 0.147086 -0.588734 0.000878393 7.26681e-05 -11.0785 1
2.64257 0.122259 -0.674718 -0.00126198 -8.43516e-05 -10.2051 1
4.73898 -0.764459 -0.907441 0.00236355 0.000242357 11.0159 -1
5.61455 0.155455 -0.749547 0.00182741 -0.000896651 -12.9362 1
9.17974 0.290582 -0.621555 -0.00439059 0.000654966 -14.424 1
2.60047 0.0713456 -1.00948 0.000178026 -0.000207989 -10.5763 -1
4.07237 -0.817059 -0.835677 0.00312952 0.000211052 12.1822 -1
2.5334 -0.820128 -0.75933 0.00189355 0.000877819 10.0921 -1
2.0166 0.0296868 -0.711945 0.00149115 0.000929359 -10.1205 1
2.43845 0.182905 -0.715671 -0.00221833 0.000599899 -12.1626 -1
2.99669 0.12533 -0.762086 0.000870364 -0.000577422 -12.6826 -1
17.2143 -0.839963 -0.856161 0.00294516 0.000417972 10.1691 1
2.41549 -0.818885 -0.712622 -0.00031172 0.00104917 11.159 1
2.16799 -0.791422 -0.730267 0.00286975 -3.48973e-06 10.7116 -1
9.28255 0.0747488 -0.836541 -0.000302684 -0.000539427 -10.2742 -1
2.5681 0.155389 -0.896511 0.00295958 -0.00169264 -10.4066 -1
2.0255 0.12881 -0.742425 -0.00339715 0.000359278 -10.8035 -1
2.57603 -0.00511236 -0.8814 -4.6926e-05 -0.000817659 -10.1099 -1
4.02129 -0.898513 -0.840841 -0.000159123 -0.000327949 13.1676 -1
4.24174 -0.7815 -0.955919 0.000437813 -0.00101623 10.1208 -1
2.15743 -0.854832 -0.810297 0.00222284 0.000675606 11.3541 -1
22.0889 0.16619 -0.741176 -0.000232208 -0.000609157 -10.6516 -1
2.60713 0.165903 -0.704074 -0.00114111 -0.00010892 -10.8739 1
30.2272 -0.833564 -0.96346 0.00375388 -0.00058271 11.8993 1
8.44965 -0.751466 -0.957094 0.00128444 0.00134021 10.1193 -1
32.5216 -0.899032 -0.742619 0.00157658 0.000523911 13.8871 1
3.30437 0.0989722 -0.974076 -0.000777064 -0.000891478 -10.8778 -1
5.4129 0.0918008 -0.769507 -0.00140147 -0.000503623 -10.1673 1
7.75767 -0.833756 -0.985162 0.000995436 -0.000553217 10.0225 1
54.518 -0.797136 -0.699356 -0.000713754 -0.00104506 10.8497 -1
4.38166 0.175334 -0.80353 0.00198487 0.000678704 -13.9389 1
2.01461 0.149695 -0.728966 -0.000749105 -0.000268846 -11.4073 1
14.1746 -0.806645 -0.71717 -0.000951634 -0.000365405 11.3044 1
17.7562 -0.834515 -0.905925 0.0028389 -0.000938383 11.8387 -1
2.57016 -0.811763 -0.60032 -0.000520097 0.000773164 10.3443 1
2.77991 0.059737 -0.770437 0.000839368 0.00036817 -11.3443 1
3.86712 0.0985376 -0.842067 0.00322239 0.000412814 -11.6811 1
88.1104 0.262398 -0.800555 -0.000188517 -0.000260228 -14.0389 -1
2.25873 -0.744518 -0.563887 -0.000276537 0.000582281 10.3387 1
6.4708 0.0743534 -0.792996 0.00034598 0.000610065 -11.0952 1
2.38557 -0.797181 -0.740674 0.00174311 0.00113993 10.3025 1
2.95222 -0.83516 -0.77437 0.0017666 0.000345952 10.4253 -1
36.9244 0.243969 -0.659967 -0.00315935 7.54773e-05 -13.1347 1
5.01025 0.075529 -0.857122 -0.00141273 -0.00143483 -10.7769 1
4.48494 -0.715754 -0.739851 0.000829449 -0.000781361 10.4805 -1
2.41891 0.135845 -0.662518 0.00160699 -4.91712e-05 -10.1061 1
2.07199 -0.799066 -0.915251 0.000876601 9.87736e-05 10.8483 -1
2.74761 0.125745 -0.833972 -0.00315387 0.000689051 -10.2142 1
6.82527 0.15569 -0.743704 -0.00240838 -0.000999268 -10.4509 1
2.4795 0.0906687 -0.85608 -0.00225457 -0.000349538 -10.3538 -1
2.62646 0.10334 -0.864667 -0.0025436 0.000248126 -11.3128 -1
2.89014 0.0958494 -0.614195 0.000929393 -0.000391392 -11.1131 1
3.47053 0.263941 -0.731101 -0.00119342 0.000153993 -13.9218 1
2.45516 -0.834894 -0.68141 0.00223821 -0.000725869 10.7351 -1
8.91779 -0.858637 -0.680354 -0.00044648 0.00076808 11.3256 1
17.7686 0.202913 -0.922582 0.00171411 -0.000410164 -11.5981 -1
5.99984 -0.00115499 -0.687284 0.000850085 0.000919684 -10.1666 -1
3.20325 0.0703005 -0.807351 -0.00248428 -0.000987984 -10.2996 1
4.55223 0.0368734 -0.65837 -0.000401755 0.000507542 -10.6516 1
6.68465 -0.903288 -0.557372 -0.00125478 -0.000692149 13.1795 1
15.4314 0.0488165 -0.773631 -0.000969149 0.0015774 -10.1078 1
6.48028 0.209623 -0.791912 -0.00120392 0.000207628 -11.6158 -1
2.14412 -0.841054 -0.539346 -0.00125005 0.000700057 13.2244 1
3.03069 -0.82177 -0.80057 -0.00217938 0.000321739 10.3066 1
6.43603 0.132947 -0.902127 -7.24353e-06 -0.0002289 -13.0297 -1
2.0167 0.0961856 -0.823236 -0.000384244 0.001198 -10.9322 1
13.3811 -0.799753 -0.84265 -0.00140787 -0.000736153 11.567 -1
10.9793 -0.794144 -0.739038 0.00179084 -0.000619375 10.1651 -1
2.52854 -0.773639 -1.02218 -0.000322734 0.000784008 10.995 -1
2.02386 0.0527284 -0.906097 -0.00118386 0.000180718 -10.5767 -1
12.2481 -0.842299 -0.713255 0.00212222 -4.57816e-05 12.5489 1
5.04352 0.168463 -0.801519 0.000228054 -0.000256464 -11.7639 1
3.21137 0.0759092 -0.804942 0.00287896 -0.000609181 -10.3538 -1
2.91051 -0.812836 -0.73491 0.00112446 -0.000405497 12.2591 -1
4.02675 -0.848041 -0.904001 3.61729e-05 0.00144105 10.9452 1
3.92369 0.134383 -0.708828 -0.00161085 0.00288252 -12.416 -1
6.63119 -0.818244 -0.736892 0.00213747 -0.000218968 11.4037 1
5.59162 0.277621 -0.596742 -0.00440515 0.000145298 -13.9136 1
6.21561 -0.78785 -0.681164 0.00149408 0.000226422 11.5642 -1
7.91673 -0.842613 -0.988018 -0.000660545 0.000683217 11.3285 -1
3.11552 0.0215861 -0.748731 -0.00172753 0.00127799 -10.7135 1
4.69109 -0.800821 -0.927507 0.000771874 -0.000942755 10.7764 -1
4.29248 0.0589685 -0.767246 -0.00289526 1.28588e-05 -11.762 -1
2.65979 -0.832362 -0.8985 0.00205513 -0.000486749 11.4608 1
2.13169 0.301968 -0.752165 -0.000957479 -0.00031344 -13.8576 1
6.95347 0.0936613 -0.804705 0.000135501 0.000562868 -11.1054 1
2.0099 0.0854241 -0.887957 0.00152137 0.000421603 -10.4548 1
5.76976 -0.875524 -0.779491 0.000743818 -9.60494e-05 13.6714 -1
8.70692 -0.929395 -0.915528 -0.00310662 -0.00102989 14.7398 -1
5.66326 -0.774173 -0.619752 0.000961552 -0.000485654 11.0121 1
2.30699 0.210156 -0.945379 -0.00123149 0.00121546 -11.6647 -1
6.2364 0.109465 -0.919516 0.00215578 -0.00105963 -11.2375 1
55.9279 0.197584 -0.772403 7.13465e-05 0.000794874 -11.8333 -1
2.11728 0.171375 -0.949607 0.00101982 0.00011728 -12.1886 -1
2.45664 -0.838897 -0.57375 0.00102617 -0.000186556 12.7507 1
2.57412 -0.729605 -0.820098 0.00183624 -0.00157886 10.2151 -1
15.4878 0.195463 -0.859576 -0.00171424 -0.000891975 -11.1497 -1
